State,Year,State-Year,Gender,Leading Cancer Sites,Incidence Counts,Incidence Age-Adjusted Rate,Death Counts,Mortality Age-Adjusted Rate,Mortality-Incidence Age-Adjusted Rate Ratio,Population
Alabama,2010,Alabama2010,Male,Prostate,3872,151.08,544,27.67,0.183,2323013
Alabama,2011,Alabama2011,Male,Prostate,3817,146.45,544,26.61,0.182,2328518
Alabama,2012,Alabama2012,Male,Prostate,3412,127.56,461,22.07,0.173,2336196
Alabama,2013,Alabama2013,Male,Prostate,3318,120.95,470,22.13,0.183,2343135
Alabama,2014,Alabama2014,Male,Prostate,3103,109.17,467,21.30,0.195,2348012
Alabama,2015,Alabama2015,Male,Prostate,3499,121.77,495,21.77,0.179,2352806
Alabama,2016,Alabama2016,Male,Prostate,3679,124.88,512,21.43,0.172,2357211
Alabama,2017,Alabama2017,Male,Prostate,3955,131.48,464,19.24,0.146,2360503
Alabama,2018,Alabama2018,Male,Prostate,3783,123.57,525,21.05,0.170,2365445
Alabama,2019,Alabama2019,Male,Prostate,3765,119.42,507,19.45,0.163,2371832
Alabama,2020,Alabama2020,Male,Prostate,3283,103.35,534,20.03,0.194,2376966
Alaska,2010,Alaska2010,Male,Prostate,394,127.20,43,23.93,0.188,371634
Alaska,2011,Alaska2011,Male,Prostate,348,101.03,39,20.70,0.205,375929
Alaska,2012,Alaska2012,Male,Prostate,314,94.29,35,17.96,0.190,381032
Alaska,2013,Alaska2013,Male,Prostate,283,81.67,39,17.51,0.214,385939
Alaska,2014,Alaska2014,Male,Prostate,278,82.10,53,23.07,0.281,385994
Alaska,2015,Alaska2015,Male,Prostate,261,70.44,35,13.99,0.199,386716
Alaska,2016,Alaska2016,Male,Prostate,376,98.08,43,18.84,0.192,388632
Alaska,2017,Alaska2017,Male,Prostate,364,96.39,39,17.00,0.176,386986
Alaska,2018,Alaska2018,Male,Prostate,415,103.81,48,20.05,0.193,384304
Alaska,2019,Alaska2019,Male,Prostate,432,104.39,65,24.23,0.232,382813
Alaska,2020,Alaska2020,Male,Prostate,386,92.55,49,17.54,0.189,381537
Arizona,2010,Arizona2010,Male,Prostate,3466,99.79,558,19.22,0.193,3184011
Arizona,2011,Arizona2011,Male,Prostate,3196,89.40,577,18.98,0.212,3218148
Arizona,2012,Arizona2012,Male,Prostate,2852,77.38,588,18.46,0.239,3259698
Arizona,2013,Arizona2013,Male,Prostate,3006,78.70,576,17.54,0.223,3297562
Arizona,2014,Arizona2014,Male,Prostate,3416,86.35,616,17.68,0.205,3347316
Arizona,2015,Arizona2015,Male,Prostate,3507,84.92,643,17.34,0.204,3397442
Arizona,2016,Arizona2016,Male,Prostate,3344,78.64,702,18.38,0.234,3452321
Arizona,2017,Arizona2017,Male,Prostate,3737,84.92,663,16.54,0.195,3502772
Arizona,2018,Arizona2018,Male,Prostate,3612,78.53,696,16.62,0.212,3560169
Arizona,2019,Arizona2019,Male,Prostate,3697,77.89,735,16.69,0.214,3622802
Arizona,2020,Arizona2020,Male,Prostate,3125,63.23,795,17.31,0.274,3685926
Arkansas,2010,Arkansas2010,Male,Prostate,2298,141.68,303,23.32,0.165,1434725
Arkansas,2011,Arkansas2011,Male,Prostate,2286,138.79,294,21.95,0.158,1444411
Arkansas,2012,Arkansas2012,Male,Prostate,1987,118.03,291,21.24,0.180,1450467
Arkansas,2013,Arkansas2013,Male,Prostate,1794,105.01,271,19.34,0.184,1453888
Arkansas,2014,Arkansas2014,Male,Prostate,1922,107.61,268,18.58,0.173,1457950
Arkansas,2015,Arkansas2015,Male,Prostate,2117,117.80,290,19.43,0.165,1463916
Arkansas,2016,Arkansas2016,Male,Prostate,2063,113.24,279,18.26,0.161,1469966
Arkansas,2017,Arkansas2017,Male,Prostate,2258,121.43,267,17.18,0.141,1475907
Arkansas,2018,Arkansas2018,Male,Prostate,2430,127.67,298,18.57,0.145,1479090
Arkansas,2019,Arkansas2019,Male,Prostate,2191,113.82,341,20.62,0.181,1482909
Arkansas,2020,Arkansas2020,Male,Prostate,1596,81.50,311,18.29,0.224,1486856
California,2010,California2010,Male,Prostate,22856,133.74,3065,21.19,0.158,18546274
California,2011,California2011,Male,Prostate,22896,129.27,3072,20.66,0.160,18694789
California,2012,California2012,Male,Prostate,19950,108.56,2978,19.44,0.179,18847274
California,2013,California2013,Male,Prostate,19403,102.53,3122,19.69,0.192,18996586
California,2014,California2014,Male,Prostate,17614,90.09,3208,19.65,0.218,19164689
California,2015,California2015,Male,Prostate,18622,92.62,3339,19.69,0.213,19328315
California,2016,California2016,Male,Prostate,19189,92.71,3607,20.68,0.223,19453155
California,2017,California2017,Male,Prostate,21093,99.17,3468,19.28,0.194,19553823
California,2018,California2018,Male,Prostate,20679,95.37,3722,20.24,0.212,19607822
California,2019,California2019,Male,Prostate,22418,100.96,3623,19.14,0.190,19608525
California,2020,California2020,Male,Prostate,19938,88.58,3824,19.70,0.222,19577489
Colorado,2010,Colorado2010,Male,Prostate,3226,133.17,396,22.00,0.165,2529590
Colorado,2011,Colorado2011,Male,Prostate,3239,127.51,416,22.63,0.177,2566778
Colorado,2012,Colorado2012,Male,Prostate,2837,107.79,431,22.18,0.206,2603488
Colorado,2013,Colorado2013,Male,Prostate,2882,104.91,426,21.01,0.200,2643323
Colorado,2014,Colorado2014,Male,Prostate,2681,94.89,437,20.95,0.221,2687056
Colorado,2015,Colorado2015,Male,Prostate,2612,86.98,465,20.77,0.239,2741296
Colorado,2016,Colorado2016,Male,Prostate,2713,89.82,511,22.72,0.253,2788777
Colorado,2017,Colorado2017,Male,Prostate,2966,94.56,509,21.76,0.230,2827772
Colorado,2018,Colorado2018,Male,Prostate,3263,100.63,504,20.51,0.204,2868175
Colorado,2019,Colorado2019,Male,Prostate,3561,106.28,528,20.30,0.191,2900876
Colorado,2020,Colorado2020,Male,Prostate,3372,99.81,625,23.87,0.239,2925887
Connecticut,2010,Connecticut2010,Male,Prostate,2820,144.67,352,20.53,0.142,1742350
Connecticut,2011,Connecticut2011,Male,Prostate,2756,137.06,345,19.69,0.144,1747728
Connecticut,2012,Connecticut2012,Male,Prostate,2336,113.44,303,17.06,0.150,1751542
Connecticut,2013,Connecticut2013,Male,Prostate,2280,108.11,322,17.67,0.163,1752602
Connecticut,2014,Connecticut2014,Male,Prostate,2221,103.05,324,17.47,0.170,1753445
Connecticut,2015,Connecticut2015,Male,Prostate,2498,113.38,327,17.06,0.150,1750359
Connecticut,2016,Connecticut2016,Male,Prostate,2641,117.64,346,18.11,0.154,1745932
Connecticut,2017,Connecticut2017,Male,Prostate,2858,125.24,373,19.07,0.152,1743821
Connecticut,2018,Connecticut2018,Male,Prostate,2896,125.10,339,17.11,0.137,1743201
Connecticut,2019,Connecticut2019,Male,Prostate,3143,133.06,385,18.82,0.141,1739032
Connecticut,2020,Connecticut2020,Male,Prostate,2680,111.86,367,17.62,0.158,1734920
Delaware,2010,Delaware2010,Male,Prostate,801,157.50,85,20.10,0.128,435673
Delaware,2011,Delaware2011,Male,Prostate,828,159.04,96,22.35,0.141,439347
Delaware,2012,Delaware2012,Male,Prostate,797,147.64,84,19.39,0.131,443394
Delaware,2013,Delaware2013,Male,Prostate,743,133.43,70,15.39,0.115,447252
Delaware,2014,Delaware2014,Male,Prostate,705,120.89,91,19.08,0.158,451683
Delaware,2015,Delaware2015,Male,Prostate,762,126.50,76,14.82,0.117,456021
Delaware,2016,Delaware2016,Male,Prostate,764,122.75,100,18.75,0.153,459497
Delaware,2017,Delaware2017,Male,Prostate,805,125.88,82,14.82,0.118,463336
Delaware,2018,Delaware2018,Male,Prostate,830,123.54,102,18.22,0.147,467559
Delaware,2019,Delaware2019,Male,Prostate,914,132.49,108,18.33,0.138,472097
Delaware,2020,Delaware2020,Male,Prostate,859,119.47,110,18.36,0.154,476740
District of Columbia,2010,District of Columbia2010,Male,Prostate,507,194.95,71,34.15,0.175,285974
District of Columbia,2011,District of Columbia2011,Male,Prostate,553,203.74,82,36.83,0.181,293695
District of Columbia,2012,District of Columbia2012,Male,Prostate,467,168.00,74,31.45,0.187,301023
District of Columbia,2013,District of Columbia2013,Male,Prostate,361,127.00,77,32.59,0.257,309137
District of Columbia,2014,District of Columbia2014,Male,Prostate,364,126.86,72,30.68,0.242,315215
District of Columbia,2015,District of Columbia2015,Male,Prostate,347,116.57,64,26.26,0.225,321166
District of Columbia,2016,District of Columbia2016,Male,Prostate,383,125.90,74,29.18,0.232,326511
District of Columbia,2017,District of Columbia2017,Male,Prostate,446,146.89,57,22.26,0.152,330743
District of Columbia,2018,District of Columbia2018,Male,Prostate,426,135.69,90,32.66,0.241,334326
District of Columbia,2019,District of Columbia2019,Male,Prostate,428,132.72,61,22.06,0.166,335860
District of Columbia,2020,District of Columbia2020,Male,Prostate,352,111.83,79,28.42,0.254,337932
Florida,2010,Florida2010,Male,Prostate,15874,134.02,2068,18.68,0.139,9212261
Florida,2011,Florida2011,Male,Prostate,15835,130.09,2096,18.29,0.141,9319031
Florida,2012,Florida2012,Male,Prostate,13999,111.49,2061,17.35,0.156,9437047
Florida,2013,Florida2013,Male,Prostate,14809,114.97,2144,17.36,0.151,9560101
Florida,2014,Florida2014,Male,Prostate,14620,109.66,2162,16.93,0.154,9707653
Florida,2015,Florida2015,Male,Prostate,14657,105.96,2190,16.44,0.155,9888249
Florida,2016,Florida2016,Male,Prostate,15064,104.96,2221,16.13,0.154,10087052
Florida,2017,Florida2017,Male,Prostate,14559,98.12,2409,16.75,0.171,10256426
Florida,2018,Florida2018,Male,Prostate,15604,102.62,2463,16.51,0.161,10391264
Florida,2019,Florida2019,Male,Prostate,15485,99.16,2446,15.83,0.160,10504982
Florida,2020,Florida2020,Male,Prostate,13097,81.50,2454,15.45,0.190,10620180
Georgia,2010,Georgia2010,Male,Prostate,6637,152.12,774,25.59,0.168,4741350
Georgia,2011,Georgia2011,Male,Prostate,6695,148.30,760,24.11,0.163,4787121
Georgia,2012,Georgia2012,Male,Prostate,5989,127.05,758,22.58,0.178,4835176
Georgia,2013,Georgia2013,Male,Prostate,5995,122.49,800,22.86,0.187,4865905
Georgia,2014,Georgia2014,Male,Prostate,5704,112.99,803,22.15,0.196,4908947
Georgia,2015,Georgia2015,Male,Prostate,6379,121.84,804,21.08,0.173,4960439
Georgia,2016,Georgia2016,Male,Prostate,7258,134.79,889,22.48,0.167,5017995
Georgia,2017,Georgia2017,Male,Prostate,7464,134.26,895,21.49,0.160,5067956
Georgia,2018,Georgia2018,Male,Prostate,7747,134.62,924,21.25,0.158,5115616
Georgia,2019,Georgia2019,Male,Prostate,8415,142.89,960,20.94,0.147,5165685
Georgia,2020,Georgia2020,Male,Prostate,7672,127.01,954,20.03,0.158,5201549
Hawaii,2010,Hawaii2010,Male,Prostate,771,103.97,107,15.62,0.150,683296
Hawaii,2011,Hawaii2011,Male,Prostate,808,104.50,99,13.48,0.129,691034
Hawaii,2012,Hawaii2012,Male,Prostate,685,84.21,96,12.83,0.152,699593
Hawaii,2013,Hawaii2013,Male,Prostate,661,79.30,91,11.94,0.151,707258
Hawaii,2014,Hawaii2014,Male,Prostate,689,80.65,113,14.14,0.175,711074
Hawaii,2015,Hawaii2015,Male,Prostate,775,88.44,126,15.13,0.171,715211
Hawaii,2016,Hawaii2016,Male,Prostate,850,94.75,120,14.27,0.151,718175
Hawaii,2017,Hawaii2017,Male,Prostate,910,99.73,128,14.39,0.144,715536
Hawaii,2018,Hawaii2018,Male,Prostate,1073,113.84,147,16.70,0.147,713382
Hawaii,2019,Hawaii2019,Male,Prostate,1025,106.30,109,11.96,0.113,709196
Hawaii,2020,Hawaii2020,Male,Prostate,892,90.36,164,17.32,0.192,704366
Idaho,2010,Idaho2010,Male,Prostate,1194,146.68,156,23.74,0.162,786849
Idaho,2011,Idaho2011,Male,Prostate,1228,145.62,164,24.57,0.169,793303
Idaho,2012,Idaho2012,Male,Prostate,1045,122.60,153,21.84,0.178,799097
Idaho,2013,Idaho2013,Male,Prostate,944,106.15,158,21.90,0.206,807413
Idaho,2014,Idaho2014,Male,Prostate,898,98.82,190,24.93,0.252,817820
Idaho,2015,Idaho2015,Male,Prostate,986,103.11,195,24.97,0.242,827894
Idaho,2016,Idaho2016,Male,Prostate,1083,110.10,183,23.01,0.209,843658
Idaho,2017,Idaho2017,Male,Prostate,1253,120.23,164,20.02,0.166,861715
Idaho,2018,Idaho2018,Male,Prostate,1285,118.73,203,22.97,0.193,878348
Idaho,2019,Idaho2019,Male,Prostate,1451,129.40,182,19.61,0.152,897065
Idaho,2020,Idaho2020,Male,Prostate,1345,115.04,191,20.36,0.177,916124
Illinois,2010,Illinois2010,Male,Prostate,8734,138.40,1171,22.59,0.163,6297110
Illinois,2011,Illinois2011,Male,Prostate,8964,138.50,1117,21.04,0.152,6311920
Illinois,2012,Illinois2012,Male,Prostate,7941,118.43,1152,21.19,0.179,6320211
Illinois,2013,Illinois2013,Male,Prostate,7684,111.85,1087,19.31,0.173,6329266
Illinois,2014,Illinois2014,Male,Prostate,7676,108.94,1166,20.21,0.185,6324583
Illinois,2015,Illinois2015,Male,Prostate,8082,112.20,1190,20.13,0.179,6314089
Illinois,2016,Illinois2016,Male,Prostate,8197,111.78,1239,20.39,0.182,6297836
Illinois,2017,Illinois2017,Male,Prostate,8836,118.38,1273,20.65,0.174,6278554
Illinois,2018,Illinois2018,Male,Prostate,9061,119.13,1173,18.63,0.156,6252095
Illinois,2019,Illinois2019,Male,Prostate,9133,118.69,1208,18.75,0.158,6223897
Illinois,2020,Illinois2020,Male,Prostate,8338,107.16,1261,19.01,0.177,6185306
Indiana,2010,Indiana2010,Male,Prostate,3658,110.74,589,22.12,0.200,3193173
Indiana,2011,Indiana2011,Male,Prostate,3809,111.72,583,21.25,0.190,3206957
Indiana,2012,Indiana2012,Male,Prostate,3456,98.62,607,21.44,0.217,3219531
Indiana,2013,Indiana2013,Male,Prostate,3451,96.08,569,19.95,0.208,3236108
Indiana,2014,Indiana2014,Male,Prostate,3424,93.63,603,20.28,0.217,3249379
Indiana,2015,Indiana2015,Male,Prostate,3503,93.83,580,19.31,0.206,3258237
Indiana,2016,Indiana2016,Male,Prostate,3892,101.81,584,18.90,0.186,3271847
Indiana,2017,Indiana2017,Male,Prostate,4312,110.55,594,18.87,0.171,3283972
Indiana,2018,Indiana2018,Male,Prostate,4240,105.45,668,20.42,0.194,3303131
Indiana,2019,Indiana2019,Male,Prostate,4124,100.81,655,19.62,0.195,3319439
Indiana,2020,Indiana2020,Male,Prostate,,,,,,
Iowa,2010,Iowa2010,Male,Prostate,2183,128.05,307,20.07,0.157,1510958
Iowa,2011,Iowa2011,Male,Prostate,2268,130.46,316,20.03,0.154,1520207
Iowa,2012,Iowa2012,Male,Prostate,1939,108.10,329,20.62,0.191,1526008
Iowa,2013,Iowa2013,Male,Prostate,1878,101.69,314,19.22,0.189,1535373
Iowa,2014,Iowa2014,Male,Prostate,1951,104.21,319,19.18,0.184,1544749
Iowa,2015,Iowa2015,Male,Prostate,2094,110.00,313,18.81,0.171,1552076
Iowa,2016,Iowa2016,Male,Prostate,2185,112.02,345,20.29,0.181,1558017
Iowa,2017,Iowa2017,Male,Prostate,2426,121.85,348,20.03,0.164,1563872
Iowa,2018,Iowa2018,Male,Prostate,2491,123.81,381,21.66,0.175,1567300
Iowa,2019,Iowa2019,Male,Prostate,2693,131.41,361,20.15,0.153,1572960
Iowa,2020,Iowa2020,Male,Prostate,2365,112.49,349,19.28,0.171,1575695
Kansas,2010,Kansas2010,Male,Prostate,2066,142.00,264,20.48,0.144,1418145
Kansas,2011,Kansas2011,Male,Prostate,2331,155.25,259,19.79,0.127,1424226
Kansas,2012,Kansas2012,Male,Prostate,1888,122.39,233,17.29,0.141,1434229
Kansas,2013,Kansas2013,Male,Prostate,1774,113.00,246,17.96,0.159,1439885
Kansas,2014,Kansas2014,Male,Prostate,1648,102.51,281,20.30,0.198,1445042
Kansas,2015,Kansas2015,Male,Prostate,1835,111.72,268,18.77,0.168,1450195
Kansas,2016,Kansas2016,Male,Prostate,1764,105.91,257,17.70,0.167,1451334
Kansas,2017,Kansas2017,Male,Prostate,2088,121.56,273,18.31,0.151,1450416
Kansas,2018,Kansas2018,Male,Prostate,2119,120.29,281,18.70,0.155,1451427
Kansas,2019,Kansas2019,Male,Prostate,2148,120.56,286,18.40,0.153,1450555
Kansas,2020,Kansas2020,Male,Prostate,2068,113.18,279,17.46,0.154,1451540
Kentucky,2010,Kentucky2010,Male,Prostate,2848,122.68,384,21.63,0.176,2139544
Kentucky,2011,Kentucky2011,Male,Prostate,2979,125.81,337,19.14,0.152,2150213
Kentucky,2012,Kentucky2012,Male,Prostate,2830,116.74,376,20.81,0.178,2160319
Kentucky,2013,Kentucky2013,Male,Prostate,2659,106.65,363,18.95,0.178,2171075
Kentucky,2014,Kentucky2014,Male,Prostate,2583,100.41,364,18.73,0.187,2175588
Kentucky,2015,Kentucky2015,Male,Prostate,2664,101.89,393,19.76,0.194,2182265
Kentucky,2016,Kentucky2016,Male,Prostate,2787,104.03,430,20.97,0.202,2187199
Kentucky,2017,Kentucky2017,Male,Prostate,3019,111.02,404,19.16,0.173,2195279
Kentucky,2018,Kentucky2018,Male,Prostate,3129,112.59,385,17.62,0.156,2198928
Kentucky,2019,Kentucky2019,Male,Prostate,3223,113.89,365,16.07,0.141,2203309
Kentucky,2020,Kentucky2020,Male,Prostate,2892,100.17,413,17.95,0.179,2205345
Louisiana,2010,Louisiana2010,Male,Prostate,3667,162.35,429,24.95,0.154,2224710
Louisiana,2011,Louisiana2011,Male,Prostate,3853,164.83,406,22.37,0.136,2239686
Louisiana,2012,Louisiana2012,Male,Prostate,3411,142.02,422,22.53,0.159,2251808
Louisiana,2013,Louisiana2013,Male,Prostate,3283,133.18,404,21.11,0.159,2263782
Louisiana,2014,Louisiana2014,Male,Prostate,3252,129.08,413,21.49,0.166,2273563
Louisiana,2015,Louisiana2015,Male,Prostate,3317,127.47,414,20.20,0.158,2283827
Louisiana,2016,Louisiana2016,Male,Prostate,3565,133.82,414,19.85,0.148,2289335
Louisiana,2017,Louisiana2017,Male,Prostate,3718,136.80,461,21.26,0.155,2283039
Louisiana,2018,Louisiana2018,Male,Prostate,4202,151.50,438,19.82,0.131,2276587
Louisiana,2019,Louisiana2019,Male,Prostate,4169,148.53,431,18.91,0.127,2272316
Louisiana,2020,Louisiana2020,Male,Prostate,3441,120.49,463,19.82,0.164,2264160
Maine,2010,Maine2010,Male,Prostate,1046,124.08,144,20.98,0.169,649708
Maine,2011,Maine2011,Male,Prostate,1034,119.71,140,19.57,0.163,650466
Maine,2012,Maine2012,Male,Prostate,882,97.30,128,17.83,0.183,650263
Maine,2013,Maine2013,Male,Prostate,776,83.55,173,23.14,0.277,650942
Maine,2014,Maine2014,Male,Prostate,852,89.51,135,17.47,0.195,651946
Maine,2015,Maine2015,Male,Prostate,894,91.88,159,20.13,0.219,650756
Maine,2016,Maine2016,Male,Prostate,843,84.33,173,21.52,0.255,652321
Maine,2017,Maine2017,Male,Prostate,1020,100.59,167,19.66,0.195,654184
Maine,2018,Maine2018,Male,Prostate,1071,101.65,152,17.14,0.169,656203
Maine,2019,Maine2019,Male,Prostate,1170,109.02,162,17.88,0.164,659096
Maine,2020,Maine2020,Male,Prostate,1019,94.98,171,19.09,0.201,661301
Maryland,2010,Maryland2010,Male,Prostate,4425,152.76,508,22.27,0.146,2799968
Maryland,2011,Maryland2011,Male,Prostate,4307,144.21,477,20.33,0.141,2826727
Maryland,2012,Maryland2012,Male,Prostate,3803,121.58,499,20.44,0.168,2852253
Maryland,2013,Maryland2013,Male,Prostate,4053,126.47,484,19.21,0.152,2870851
Maryland,2014,Maryland2014,Male,Prostate,4036,122.16,504,19.40,0.159,2887562
Maryland,2015,Maryland2015,Male,Prostate,4171,124.01,556,21.08,0.170,2901870
Maryland,2016,Maryland2016,Male,Prostate,4393,128.44,558,20.67,0.161,2911529
Maryland,2017,Maryland2017,Male,Prostate,4683,133.01,555,19.64,0.148,2921435
Maryland,2018,Maryland2018,Male,Prostate,4956,138.31,559,19.29,0.139,2927093
Maryland,2019,Maryland2019,Male,Prostate,5622,153.63,622,20.88,0.136,2932474
Maryland,2020,Maryland2020,Male,Prostate,4612,124.61,622,20.03,0.161,2932574
Massachusetts,2010,Massachusetts2010,Male,Prostate,4942,141.07,629,20.97,0.149,3176189
Massachusetts,2011,Massachusetts2011,Male,Prostate,5034,139.12,595,19.57,0.141,3201390
Massachusetts,2012,Massachusetts2012,Male,Prostate,4039,108.23,601,19.14,0.177,3228809
Massachusetts,2013,Massachusetts2013,Male,Prostate,3855,100.26,602,18.64,0.186,3254176
Massachusetts,2014,Massachusetts2014,Male,Prostate,3811,96.52,620,18.64,0.193,3279870
Massachusetts,2015,Massachusetts2015,Male,Prostate,4328,107.56,596,18.03,0.168,3296395
Massachusetts,2016,Massachusetts2016,Male,Prostate,4604,111.87,636,18.59,0.166,3312204
Massachusetts,2017,Massachusetts2017,Male,Prostate,4942,117.51,640,18.24,0.155,3330954
Massachusetts,2018,Massachusetts2018,Male,Prostate,4962,115.05,648,18.27,0.159,3341301
Massachusetts,2019,Massachusetts2019,Male,Prostate,5373,122.25,653,18.06,0.148,3346503
Massachusetts,2020,Massachusetts2020,Male,Prostate,4417,99.19,668,17.90,0.180,3347032
Michigan,2010,Michigan2010,Male,Prostate,8368,154.91,979,21.84,0.141,4845205
Michigan,2011,Michigan2011,Male,Prostate,8913,160.71,874,19.07,0.119,4848547
Michigan,2012,Michigan2012,Male,Prostate,6824,117.85,894,19.08,0.162,4859376
Michigan,2013,Michigan2013,Male,Prostate,6310,107.22,897,18.64,0.174,4869738
Michigan,2014,Michigan2014,Male,Prostate,6237,103.23,946,19.11,0.185,4881058
Michigan,2015,Michigan2015,Male,Prostate,6598,107.59,968,19.04,0.177,4885706
Michigan,2016,Michigan2016,Male,Prostate,6962,110.61,987,19.10,0.173,4898650
Michigan,2017,Michigan2017,Male,Prostate,7011,108.77,924,17.60,0.162,4912208
Michigan,2018,Michigan2018,Male,Prostate,7310,110.83,1001,18.65,0.168,4918489
Michigan,2019,Michigan2019,Male,Prostate,8046,119.97,985,17.89,0.149,4918052
Michigan,2020,Michigan2020,Male,Prostate,7438,109.83,1106,19.66,0.179,4907813
Minnesota,2010,Minnesota2010,Male,Prostate,3947,142.80,562,24.13,0.169,2635642
Minnesota,2011,Minnesota2011,Male,Prostate,4142,143.97,506,21.38,0.149,2654473
Minnesota,2012,Minnesota2012,Male,Prostate,3378,113.95,472,19.08,0.167,2671273
Minnesota,2013,Minnesota2013,Male,Prostate,3252,106.58,506,20.00,0.188,2690446
Minnesota,2014,Minnesota2014,Male,Prostate,3229,101.34,496,19.09,0.188,2710495
Minnesota,2015,Minnesota2015,Male,Prostate,3705,114.69,535,20.32,0.177,2728020
Minnesota,2016,Minnesota2016,Male,Prostate,3513,106.34,534,19.50,0.183,2750016
Minnesota,2017,Minnesota2017,Male,Prostate,4271,124.84,582,20.48,0.164,2772763
Minnesota,2018,Minnesota2018,Male,Prostate,4078,116.29,577,19.92,0.171,2793439
Minnesota,2019,Minnesota2019,Male,Prostate,4210,117.27,592,19.65,0.168,2809390
Minnesota,2020,Minnesota2020,Male,Prostate,3692,101.09,569,18.55,0.184,2818594
Mississippi,2010,Mississippi2010,Male,Prostate,2375,157.92,334,29.54,0.187,1443236
Mississippi,2011,Mississippi2011,Male,Prostate,2349,153.46,321,27.10,0.177,1447516
Mississippi,2012,Mississippi2012,Male,Prostate,2049,128.70,335,27.18,0.211,1450102
Mississippi,2013,Mississippi2013,Male,Prostate,2124,131.16,307,24.88,0.190,1452993
Mississippi,2014,Mississippi2014,Male,Prostate,2093,125.39,309,22.91,0.183,1453002
Mississippi,2015,Mississippi2015,Male,Prostate,2293,135.42,316,24.66,0.182,1450671
Mississippi,2016,Mississippi2016,Male,Prostate,2221,128.14,334,24.41,0.190,1450463
Mississippi,2017,Mississippi2017,Male,Prostate,2356,134.09,373,26.43,0.197,1451002
Mississippi,2018,Mississippi2018,Male,Prostate,2519,141.42,337,23.72,0.168,1446874
Mississippi,2019,Mississippi2019,Male,Prostate,2613,144.04,363,24.26,0.168,1443640
Mississippi,2020,Mississippi2020,Male,Prostate,2001,109.05,337,22.51,0.206,1435815
Missouri,2010,Missouri2010,Male,Prostate,3717,113.11,506,19.17,0.170,2937213
Missouri,2011,Missouri2011,Male,Prostate,4110,122.24,507,18.41,0.151,2945437
Missouri,2012,Missouri2012,Male,Prostate,3597,104.55,513,18.32,0.175,2953531
Missouri,2013,Missouri2013,Male,Prostate,3212,90.48,499,17.17,0.190,2963712
Missouri,2014,Missouri2014,Male,Prostate,3341,92.77,537,17.84,0.192,2972346
Missouri,2015,Missouri2015,Male,Prostate,3529,95.98,551,17.93,0.187,2981334
Missouri,2016,Missouri2016,Male,Prostate,3540,94.42,552,17.65,0.187,2989883
Missouri,2017,Missouri2017,Male,Prostate,3740,97.50,537,16.85,0.173,3000001
Missouri,2018,Missouri2018,Male,Prostate,3886,99.85,592,17.86,0.179,3006980
Missouri,2019,Missouri2019,Male,Prostate,3896,98.98,623,18.63,0.188,3012629
Missouri,2020,Missouri2020,Male,Prostate,3601,89.16,607,17.82,0.200,3017723
Montana,2010,Montana2010,Male,Prostate,881,142.00,133,26.48,0.186,497258
Montana,2011,Montana2011,Male,Prostate,878,137.23,106,20.47,0.149,500509
Montana,2012,Montana2012,Male,Prostate,706,108.21,102,18.78,0.174,504199
Montana,2013,Montana2013,Male,Prostate,764,113.18,114,20.93,0.185,509669
Montana,2014,Montana2014,Male,Prostate,727,103.88,121,21.09,0.203,514297
Montana,2015,Montana2015,Male,Prostate,854,118.86,119,20.42,0.172,519201
Montana,2016,Montana2016,Male,Prostate,958,129.84,144,24.21,0.186,524720
Montana,2017,Montana2017,Male,Prostate,1036,136.80,160,26.30,0.192,530462
Montana,2018,Montana2018,Male,Prostate,1084,138.42,124,19.37,0.140,534397
Montana,2019,Montana2019,Male,Prostate,1072,134.61,138,20.86,0.155,538637
Montana,2020,Montana2020,Male,Prostate,966,116.84,144,21.51,0.184,544101
Nebraska,2010,Nebraska2010,Male,Prostate,1328,141.35,167,19.96,0.141,908128
Nebraska,2011,Nebraska2011,Male,Prostate,1292,133.62,189,22.06,0.165,914129
Nebraska,2012,Nebraska2012,Male,Prostate,1153,114.83,190,21.44,0.187,921143
Nebraska,2013,Nebraska2013,Male,Prostate,1163,112.77,194,21.73,0.193,928270
Nebraska,2014,Nebraska2014,Male,Prostate,1138,107.83,176,19.16,0.178,936181
Nebraska,2015,Nebraska2015,Male,Prostate,1216,112.65,158,17.21,0.153,943017
Nebraska,2016,Nebraska2016,Male,Prostate,1332,119.31,147,15.50,0.130,950744
Nebraska,2017,Nebraska2017,Male,Prostate,1523,134.43,179,18.38,0.137,956576
Nebraska,2018,Nebraska2018,Male,Prostate,1640,142.76,203,20.26,0.142,960937
Nebraska,2019,Nebraska2019,Male,Prostate,1592,134.58,179,17.50,0.130,964970
Nebraska,2020,Nebraska2020,Male,Prostate,1147,94.35,193,18.84,0.200,967813
Nevada,2010,Nevada2010,Male,Prostate,1760,126.96,222,21.56,0.170,1364152
Nevada,2011,Nevada2011,Male,Prostate,1820,126.69,220,20.38,0.161,1367927
Nevada,2012,Nevada2012,Male,Prostate,1599,105.82,227,19.88,0.188,1383037
Nevada,2013,Nevada2013,Male,Prostate,1457,92.12,278,23.57,0.256,1397895
Nevada,2014,Nevada2014,Male,Prostate,1364,84.39,255,20.53,0.243,1417645
Nevada,2015,Nevada2015,Male,Prostate,1332,78.62,240,18.66,0.237,1441092
Nevada,2016,Nevada2016,Male,Prostate,1506,84.62,263,18.99,0.224,1465784
Nevada,2017,Nevada2017,Male,Prostate,1828,100.26,259,17.74,0.177,1491237
Nevada,2018,Nevada2018,Male,Prostate,1791,93.55,301,19.31,0.206,1520265
Nevada,2019,Nevada2019,Male,Prostate,1628,83.64,318,20.19,0.241,1549505
Nevada,2020,Nevada2020,Male,Prostate,,,,,,
New Hampshire,2010,New Hampshire2010,Male,Prostate,1171,150.48,118,20.73,0.138,649559
New Hampshire,2011,New Hampshire2011,Male,Prostate,1218,152.38,118,19.49,0.128,651509
New Hampshire,2012,New Hampshire2012,Male,Prostate,950,116.04,139,21.58,0.186,653766
New Hampshire,2013,New Hampshire2013,Male,Prostate,1032,122.48,114,17.74,0.145,655460
New Hampshire,2014,New Hampshire2014,Male,Prostate,911,102.38,135,19.38,0.189,659684
New Hampshire,2015,New Hampshire2015,Male,Prostate,944,103.51,139,20.12,0.194,662017
New Hampshire,2016,New Hampshire2016,Male,Prostate,1023,110.45,126,17.32,0.157,665369
New Hampshire,2017,New Hampshire2017,Male,Prostate,1128,116.89,147,20.00,0.171,668725
New Hampshire,2018,New Hampshire2018,Male,Prostate,1192,119.31,133,16.66,0.140,671576
New Hampshire,2019,New Hampshire2019,Male,Prostate,1232,123.34,174,22.64,0.184,673969
New Hampshire,2020,New Hampshire2020,Male,Prostate,1042,100.83,158,19.06,0.189,676994
New Jersey,2010,New Jersey2010,Male,Prostate,7181,158.50,843,21.79,0.137,4283789
New Jersey,2011,New Jersey2011,Male,Prostate,7840,169.63,785,19.74,0.116,4300909
New Jersey,2012,New Jersey2012,Male,Prostate,6523,137.33,753,18.71,0.136,4311083
New Jersey,2013,New Jersey2013,Male,Prostate,6390,130.19,728,17.60,0.135,4319443
New Jersey,2014,New Jersey2014,Male,Prostate,6098,122.08,814,19.20,0.157,4326008
New Jersey,2015,New Jersey2015,Male,Prostate,6718,131.18,739,17.11,0.130,4327879
New Jersey,2016,New Jersey2016,Male,Prostate,7283,139.39,783,17.80,0.128,4331875
New Jersey,2017,New Jersey2017,Male,Prostate,7648,142.81,767,17.18,0.120,4340610
New Jersey,2018,New Jersey2018,Male,Prostate,7784,143.59,776,16.84,0.117,4344196
New Jersey,2019,New Jersey2019,Male,Prostate,8488,152.96,735,15.63,0.102,4345560
New Jersey,2020,New Jersey2020,Male,Prostate,7743,138.04,776,16.18,0.117,4343049
New Mexico,2010,New Mexico2010,Male,Prostate,1415,125.71,199,21.91,0.174,1020318
New Mexico,2011,New Mexico2011,Male,Prostate,1159,101.11,186,20.44,0.202,1028317
New Mexico,2012,New Mexico2012,Male,Prostate,894,77.32,197,20.89,0.270,1032898
New Mexico,2013,New Mexico2013,Male,Prostate,1028,85.87,207,21.00,0.245,1036017
New Mexico,2014,New Mexico2014,Male,Prostate,1043,84.72,198,19.84,0.234,1035069
New Mexico,2015,New Mexico2015,Male,Prostate,1029,81.62,204,20.07,0.246,1034730
New Mexico,2016,New Mexico2016,Male,Prostate,1124,86.78,195,18.13,0.209,1036039
New Mexico,2017,New Mexico2017,Male,Prostate,1146,86.94,218,19.44,0.224,1036090
New Mexico,2018,New Mexico2018,Male,Prostate,1146,83.97,229,19.54,0.233,1036336
New Mexico,2019,New Mexico2019,Male,Prostate,1255,89.50,222,18.62,0.208,1038980
New Mexico,2020,New Mexico2020,Male,Prostate,1148,80.55,254,20.42,0.253,1042459
New York,2010,New York2010,Male,Prostate,15186,152.90,1821,21.44,0.140,9389232
New York,2011,New York2011,Male,Prostate,16121,158.52,1760,20.27,0.128,9443070
New York,2012,New York2012,Male,Prostate,13979,133.50,1658,18.77,0.141,9485738
New York,2013,New York2013,Male,Prostate,13883,129.66,1637,18.03,0.139,9515522
New York,2014,New York2014,Male,Prostate,13312,121.11,1748,18.61,0.154,9530747
New York,2015,New York2015,Male,Prostate,13890,123.55,1654,17.32,0.140,9536185
New York,2016,New York2016,Male,Prostate,14423,126.11,1779,18.11,0.144,9531434
New York,2017,New York2017,Male,Prostate,15343,131.18,1812,18.08,0.138,9513043
New York,2018,New York2018,Male,Prostate,16034,135.02,1749,16.90,0.125,9490554
New York,2019,New York2019,Male,Prostate,17030,140.97,1660,15.78,0.112,9451066
New York,2020,New York2020,Male,Prostate,14447,118.04,1658,15.48,0.131,9390497
North Carolina,2010,North Carolina2010,Male,Prostate,7243,147.56,917,24.74,0.168,4670182
North Carolina,2011,North Carolina2011,Male,Prostate,7630,151.74,856,22.44,0.148,4706865
North Carolina,2012,North Carolina2012,Male,Prostate,6322,120.14,845,20.98,0.175,4750629
North Carolina,2013,North Carolina2013,Male,Prostate,6499,119.75,826,19.75,0.165,4795806
North Carolina,2014,North Carolina2014,Male,Prostate,6668,118.00,901,20.57,0.174,4837572
North Carolina,2015,North Carolina2015,Male,Prostate,6916,118.61,904,20.21,0.170,4887153
North Carolina,2016,North Carolina2016,Male,Prostate,6970,117.29,936,20.18,0.172,4946760
North Carolina,2017,North Carolina2017,Male,Prostate,7732,125.49,910,18.68,0.149,5000946
North Carolina,2018,North Carolina2018,Male,Prostate,8064,127.13,1004,19.71,0.155,5055337
North Carolina,2019,North Carolina2019,Male,Prostate,8778,134.79,1033,19.75,0.146,5107629
North Carolina,2020,North Carolina2020,Male,Prostate,7684,114.69,1084,19.99,0.174,5152582
North Dakota,2010,North Dakota2010,Male,Prostate,530,140.95,68,20.21,0.143,341099
North Dakota,2011,North Dakota2011,Male,Prostate,567,146.39,78,22.28,0.152,347360
North Dakota,2012,North Dakota2012,Male,Prostate,504,125.73,75,20.67,0.164,357189
North Dakota,2013,North Dakota2013,Male,Prostate,423,104.62,48,12.78,0.122,369328
North Dakota,2014,North Dakota2014,Male,Prostate,464,110.84,87,23.12,0.209,378606
North Dakota,2015,North Dakota2015,Male,Prostate,569,127.91,70,18.32,0.143,388132
North Dakota,2016,North Dakota2016,Male,Prostate,507,116.09,57,14.22,0.122,388106
North Dakota,2017,North Dakota2017,Male,Prostate,503,113.12,79,20.14,0.178,387723
North Dakota,2018,North Dakota2018,Male,Prostate,596,128.75,83,20.73,0.161,389111
North Dakota,2019,North Dakota2019,Male,Prostate,601,129.05,68,16.45,0.127,391046
North Dakota,2020,North Dakota2020,Male,Prostate,573,122.12,73,16.93,0.139,391815
Ohio,2010,Ohio2010,Male,Prostate,8176,130.04,1134,21.62,0.166,5634163
Ohio,2011,Ohio2011,Male,Prostate,8649,134.33,1177,22.03,0.164,5639710
Ohio,2012,Ohio2012,Male,Prostate,7309,110.49,1067,19.27,0.174,5646833
Ohio,2013,Ohio2013,Male,Prostate,7195,105.94,1045,18.58,0.175,5665068
Ohio,2014,Ohio2014,Male,Prostate,7012,100.92,1073,18.44,0.183,5680785
Ohio,2015,Ohio2015,Male,Prostate,7449,105.25,1109,19.07,0.181,5691115
Ohio,2016,Ohio2016,Male,Prostate,7592,104.83,1183,19.71,0.188,5702499
Ohio,2017,Ohio2017,Male,Prostate,8544,115.45,1211,19.49,0.169,5716631
Ohio,2018,Ohio2018,Male,Prostate,9001,120.22,1244,19.79,0.165,5724669
Ohio,2019,Ohio2019,Male,Prostate,9322,121.88,1213,18.88,0.155,5733873
Ohio,2020,Ohio2020,Male,Prostate,8329,107.49,1218,18.70,0.174,5732661
Oklahoma,2010,Oklahoma2010,Male,Prostate,2694,139.03,359,21.98,0.158,1860337
Oklahoma,2011,Oklahoma2011,Male,Prostate,2633,131.93,363,21.87,0.166,1874581
Oklahoma,2012,Oklahoma2012,Male,Prostate,2104,102.40,351,20.63,0.201,1891054
Oklahoma,2013,Oklahoma2013,Male,Prostate,2090,98.51,369,21.21,0.215,1909004
Oklahoma,2014,Oklahoma2014,Male,Prostate,1926,89.05,334,18.52,0.208,1921858
Oklahoma,2015,Oklahoma2015,Male,Prostate,2186,99.02,381,20.75,0.210,1937570
Oklahoma,2016,Oklahoma2016,Male,Prostate,2177,97.09,395,21.12,0.218,1946039
Oklahoma,2017,Oklahoma2017,Male,Prostate,2232,97.32,388,20.14,0.207,1948690
Oklahoma,2018,Oklahoma2018,Male,Prostate,2446,104.96,396,20.10,0.191,1953313
Oklahoma,2019,Oklahoma2019,Male,Prostate,2567,108.47,414,20.15,0.186,1961516
Oklahoma,2020,Oklahoma2020,Male,Prostate,2288,94.30,389,18.66,0.198,1971181
Oregon,2010,Oregon2010,Male,Prostate,2710,124.83,397,21.74,0.174,1899123
Oregon,2011,Oregon2011,Male,Prostate,2840,126.06,436,23.47,0.186,1915983
Oregon,2012,Oregon2012,Male,Prostate,2165,92.94,413,21.42,0.230,1930147
Oregon,2013,Oregon2013,Male,Prostate,2277,95.37,391,19.67,0.206,1942108
Oregon,2014,Oregon2014,Male,Prostate,2294,93.28,419,20.50,0.220,1963056
Oregon,2015,Oregon2015,Male,Prostate,2521,98.71,443,21.08,0.214,1990263
Oregon,2016,Oregon2016,Male,Prostate,2486,94.14,475,22.04,0.234,2028093
Oregon,2017,Oregon2017,Male,Prostate,2720,100.40,441,19.80,0.197,2055809
Oregon,2018,Oregon2018,Male,Prostate,2670,96.57,474,20.68,0.214,2074151
Oregon,2019,Oregon2019,Male,Prostate,3029,106.08,470,19.97,0.188,2090110
Oregon,2020,Oregon2020,Male,Prostate,2199,75.56,465,19.00,0.251,2102461
Pennsylvania,2010,Pennsylvania2010,Male,Prostate,10389,141.70,1374,21.13,0.149,6196088
Pennsylvania,2011,Pennsylvania2011,Male,Prostate,10746,143.70,1373,20.79,0.145,6218271
Pennsylvania,2012,Pennsylvania2012,Male,Prostate,8625,112.20,1291,19.12,0.170,6235679
Pennsylvania,2013,Pennsylvania2013,Male,Prostate,8497,108.07,1362,19.75,0.183,6246744
Pennsylvania,2014,Pennsylvania2014,Male,Prostate,7747,96.44,1268,18.06,0.187,6255623
Pennsylvania,2015,Pennsylvania2015,Male,Prostate,8872,108.19,1315,18.50,0.171,6258827
Pennsylvania,2016,Pennsylvania2016,Male,Prostate,9164,110.50,1385,19.20,0.174,6261453
Pennsylvania,2017,Pennsylvania2017,Male,Prostate,9161,107.37,1347,18.33,0.171,6266172
Pennsylvania,2018,Pennsylvania2018,Male,Prostate,9536,110.20,1410,18.77,0.170,6276611
Pennsylvania,2019,Pennsylvania2019,Male,Prostate,10589,119.97,1350,17.68,0.147,6272394
Pennsylvania,2020,Pennsylvania2020,Male,Prostate,8608,96.40,1405,17.99,0.187,6267042
Rhode Island,2010,Rhode Island2010,Male,Prostate,748,131.76,105,20.58,0.156,509276
Rhode Island,2011,Rhode Island2011,Male,Prostate,812,140.67,130,24.67,0.175,509738
Rhode Island,2012,Rhode Island2012,Male,Prostate,688,114.34,83,15.25,0.133,510708
Rhode Island,2013,Rhode Island2013,Male,Prostate,612,99.87,110,20.10,0.201,511425
Rhode Island,2014,Rhode Island2014,Male,Prostate,633,100.74,100,17.79,0.177,512440
Rhode Island,2015,Rhode Island2015,Male,Prostate,657,103.18,96,17.93,0.174,513263
Rhode Island,2016,Rhode Island2016,Male,Prostate,682,105.62,95,17.17,0.163,514154
Rhode Island,2017,Rhode Island2017,Male,Prostate,796,119.52,116,20.39,0.171,513670
Rhode Island,2018,Rhode Island2018,Male,Prostate,837,121.80,100,17.63,0.145,515433
Rhode Island,2019,Rhode Island2019,Male,Prostate,934,133.22,105,17.70,0.133,514961
Rhode Island,2020,Rhode Island2020,Male,Prostate,664,92.03,113,18.78,0.204,514692
South Carolina,2010,South Carolina2010,Male,Prostate,3616,143.24,484,26.17,0.183,2254916
South Carolina,2011,South Carolina2011,Male,Prostate,3759,145.53,454,23.79,0.163,2271355
South Carolina,2012,South Carolina2012,Male,Prostate,3267,120.37,484,23.69,0.197,2293405
South Carolina,2013,South Carolina2013,Male,Prostate,3270,115.59,460,21.45,0.186,2316061
South Carolina,2014,South Carolina2014,Male,Prostate,3233,110.98,492,22.50,0.203,2344514
South Carolina,2015,South Carolina2015,Male,Prostate,3782,125.64,494,21.14,0.168,2377801
South Carolina,2016,South Carolina2016,Male,Prostate,3675,117.32,533,22.21,0.189,2409206
South Carolina,2017,South Carolina2017,Male,Prostate,3675,113.04,557,21.59,0.191,2438728
South Carolina,2018,South Carolina2018,Male,Prostate,3504,105.26,529,20.01,0.190,2468034
South Carolina,2019,South Carolina2019,Male,Prostate,3920,114.23,569,20.01,0.175,2497998
South Carolina,2020,South Carolina2020,Male,Prostate,3519,100.08,600,20.60,0.206,2523412
South Dakota,2010,South Dakota2010,Male,Prostate,597,131.10,98,24.01,0.183,408445
South Dakota,2011,South Dakota2011,Male,Prostate,642,137.50,87,20.68,0.150,413432
South Dakota,2012,South Dakota2012,Male,Prostate,526,110.43,77,18.49,0.167,419196
South Dakota,2013,South Dakota2013,Male,Prostate,542,109.57,79,18.07,0.165,423958
South Dakota,2014,South Dakota2014,Male,Prostate,574,113.68,76,17.48,0.154,427747
South Dakota,2015,South Dakota2015,Male,Prostate,618,119.78,89,20.12,0.168,430583
South Dakota,2016,South Dakota2016,Male,Prostate,646,119.20,107,23.75,0.199,435481
South Dakota,2017,South Dakota2017,Male,Prostate,666,120.08,71,15.65,0.130,440841
South Dakota,2018,South Dakota2018,Male,Prostate,711,123.70,92,19.19,0.155,443549
South Dakota,2019,South Dakota2019,Male,Prostate,762,132.92,86,17.66,0.133,447574
South Dakota,2020,South Dakota2020,Male,Prostate,702,119.48,95,19.60,0.164,450659
Tennessee,2010,Tennessee2010,Male,Prostate,4631,137.11,602,23.82,0.174,3097942
Tennessee,2011,Tennessee2011,Male,Prostate,4893,139.72,577,21.84,0.156,3119282
Tennessee,2012,Tennessee2012,Male,Prostate,4276,118.51,552,20.20,0.170,3147567
Tennessee,2013,Tennessee2013,Male,Prostate,4130,110.92,546,18.83,0.170,3167856
Tennessee,2014,Tennessee2014,Male,Prostate,3955,103.42,580,19.70,0.190,3192084
Tennessee,2015,Tennessee2015,Male,Prostate,4426,112.87,587,19.45,0.172,3216957
Tennessee,2016,Tennessee2016,Male,Prostate,4628,115.41,661,20.87,0.181,3244464
Tennessee,2017,Tennessee2017,Male,Prostate,5033,122.69,644,20.09,0.164,3276742
Tennessee,2018,Tennessee2018,Male,Prostate,5000,119.67,607,18.21,0.152,3307310
Tennessee,2019,Tennessee2019,Male,Prostate,5153,120.04,685,19.52,0.163,3331896
Tennessee,2020,Tennessee2020,Male,Prostate,4526,103.42,677,18.88,0.183,3358020
Texas,2010,Texas2010,Male,Prostate,12367,115.00,1679,20.46,0.178,12520150
Texas,2011,Texas2011,Male,Prostate,12885,114.37,1618,19.02,0.166,12719673
Texas,2012,Texas2012,Male,Prostate,11802,100.60,1627,18.06,0.180,12942375
Texas,2013,Texas2013,Male,Prostate,11672,96.39,1767,19.03,0.197,13142117
Texas,2014,Texas2014,Male,Prostate,11549,92.73,1705,17.49,0.189,13385928
Texas,2015,Texas2015,Male,Prostate,12283,95.25,1802,17.81,0.187,13642714
Texas,2016,Texas2016,Male,Prostate,13150,98.63,1834,17.61,0.178,13865227
Texas,2017,Texas2017,Male,Prostate,14718,106.20,1938,17.85,0.168,14052998
Texas,2018,Texas2018,Male,Prostate,15858,111.47,1979,17.54,0.157,14215238
Texas,2019,Texas2019,Male,Prostate,16123,109.73,2063,17.65,0.161,14394891
Texas,2020,Texas2020,Male,Prostate,13677,91.03,2124,17.51,0.192,14581051
Utah,2010,Utah2010,Male,Prostate,1762,168.40,223,26.30,0.156,1394146
Utah,2011,Utah2011,Male,Prostate,1736,159.48,194,22.13,0.139,1414049
Utah,2012,Utah2012,Male,Prostate,1327,116.87,202,22.42,0.192,1434801
Utah,2013,Utah2013,Male,Prostate,1366,115.66,193,20.69,0.179,1457715
Utah,2014,Utah2014,Male,Prostate,1304,108.15,195,19.75,0.183,1477790
Utah,2015,Utah2015,Male,Prostate,1473,116.48,178,17.65,0.152,1501242
Utah,2016,Utah2016,Male,Prostate,1505,115.02,233,22.38,0.195,1532337
Utah,2017,Utah2017,Male,Prostate,1576,116.33,212,19.65,0.169,1562978
Utah,2018,Utah2018,Male,Prostate,1742,124.23,254,22.26,0.179,1588994
Utah,2019,Utah2019,Male,Prostate,1710,117.44,276,23.44,0.200,1613538
Utah,2020,Utah2020,Male,Prostate,1729,114.03,262,21.33,0.187,1637740
Vermont,2010,Vermont2010,Male,Prostate,464,121.65,72,24.46,0.201,308263
Vermont,2011,Vermont2011,Male,Prostate,494,128.73,72,23.08,0.179,309249
Vermont,2012,Vermont2012,Male,Prostate,364,90.40,67,20.65,0.228,308870
Vermont,2013,Vermont2013,Male,Prostate,361,86.01,64,19.47,0.226,309197
Vermont,2014,Vermont2014,Male,Prostate,346,80.28,63,18.51,0.231,308771
Vermont,2015,Vermont2015,Male,Prostate,377,85.37,54,16.23,0.190,308980
Vermont,2016,Vermont2016,Male,Prostate,387,87.33,75,21.68,0.248,308324
Vermont,2017,Vermont2017,Male,Prostate,471,101.88,70,19.44,0.191,308694
Vermont,2018,Vermont2018,Male,Prostate,510,109.98,84,22.06,0.201,308449
Vermont,2019,Vermont2019,Male,Prostate,534,111.84,72,18.88,0.169,308308
Vermont,2020,Vermont2020,Male,Prostate,470,97.52,93,23.34,0.239,307992
Virginia,2010,Virginia2010,Male,Prostate,5190,126.20,705,23.34,0.185,3938281
Virginia,2011,Virginia2011,Male,Prostate,5344,126.71,699,22.37,0.177,3978735
Virginia,2012,Virginia2012,Male,Prostate,4284,98.36,640,19.95,0.203,4022193
Virginia,2013,Virginia2013,Male,Prostate,4763,106.04,701,20.67,0.195,4058106
Virginia,2014,Virginia2014,Male,Prostate,4477,96.74,677,19.20,0.198,4089021
Virginia,2015,Virginia2015,Male,Prostate,4731,99.45,688,19.01,0.191,4116448
Virginia,2016,Virginia2016,Male,Prostate,5023,102.64,768,20.48,0.199,4141183
Virginia,2017,Virginia2017,Male,Prostate,5388,107.07,775,19.77,0.185,4168480
Virginia,2018,Virginia2018,Male,Prostate,5158,101.08,813,20.04,0.198,4187848
Virginia,2019,Virginia2019,Male,Prostate,5672,108.66,796,19.24,0.177,4210784
Virginia,2020,Virginia2020,Male,Prostate,4839,91.07,880,20.47,0.225,4227531
Washington,2010,Washington2010,Male,Prostate,4974,141.94,649,23.05,0.162,3358501
Washington,2011,Washington2011,Male,Prostate,4909,136.28,608,21.40,0.157,3403013
Washington,2012,Washington2012,Male,Prostate,4152,111.39,563,18.94,0.170,3439555
Washington,2013,Washington2013,Male,Prostate,4225,109.16,602,19.84,0.182,3475313
Washington,2014,Washington2014,Male,Prostate,3853,96.66,629,19.76,0.204,3524233
Washington,2015,Washington2015,Male,Prostate,3914,95.15,688,21.30,0.224,3580700
Washington,2016,Washington2016,Male,Prostate,4237,99.45,692,20.66,0.208,3649869
Washington,2017,Washington2017,Male,Prostate,4518,101.79,677,19.33,0.190,3715398
Washington,2018,Washington2018,Male,Prostate,4763,105.29,749,20.56,0.195,3766014
Washington,2019,Washington2019,Male,Prostate,4823,103.51,727,19.47,0.188,3811478
Washington,2020,Washington2020,Male,Prostate,4354,91.62,770,19.80,0.216,3853598
West Virginia,2010,West Virginia2010,Male,Prostate,1359,117.16,181,18.97,0.162,914317
West Virginia,2011,West Virginia2011,Male,Prostate,1397,118.08,191,20.51,0.174,916121
West Virginia,2012,West Virginia2012,Male,Prostate,1160,95.48,161,16.01,0.168,917241
West Virginia,2013,West Virginia2013,Male,Prostate,1188,94.39,178,17.67,0.187,916456
West Virginia,2014,West Virginia2014,Male,Prostate,1084,85.01,181,17.74,0.209,914282
West Virginia,2015,West Virginia2015,Male,Prostate,1192,92.23,163,16.04,0.174,911507
West Virginia,2016,West Virginia2016,Male,Prostate,1251,97.39,203,18.99,0.195,906410
West Virginia,2017,West Virginia2017,Male,Prostate,1289,97.81,177,16.35,0.167,900185
West Virginia,2018,West Virginia2018,Male,Prostate,1410,105.84,179,15.57,0.147,893934
West Virginia,2019,West Virginia2019,Male,Prostate,1374,102.09,198,17.13,0.168,889160
West Virginia,2020,West Virginia2020,Male,Prostate,1150,85.83,199,17.19,0.200,884276
Wisconsin,2010,Wisconsin2010,Male,Prostate,4202,134.47,621,23.82,0.177,2824206
Wisconsin,2011,Wisconsin2011,Male,Prostate,4332,135.48,625,23.57,0.174,2832239
Wisconsin,2012,Wisconsin2012,Male,Prostate,3667,111.07,564,20.60,0.186,2840515
Wisconsin,2013,Wisconsin2013,Male,Prostate,3745,110.48,609,21.73,0.197,2849566
Wisconsin,2014,Wisconsin2014,Male,Prostate,3653,103.77,574,20.03,0.193,2858077
Wisconsin,2015,Wisconsin2015,Male,Prostate,4068,112.82,607,20.92,0.185,2864513
Wisconsin,2016,Wisconsin2016,Male,Prostate,4244,114.95,612,20.44,0.178,2871655
Wisconsin,2017,Wisconsin2017,Male,Prostate,4523,119.19,641,20.93,0.176,2881163
Wisconsin,2018,Wisconsin2018,Male,Prostate,4697,121.54,658,20.81,0.171,2890585
Wisconsin,2019,Wisconsin2019,Male,Prostate,5173,129.90,672,20.86,0.161,2898849
Wisconsin,2020,Wisconsin2020,Male,Prostate,4383,108.59,690,20.80,0.192,2903716
Wyoming,2010,Wyoming2010,Male,Prostate,403,127.82,61,25.73,0.201,287806
Wyoming,2011,Wyoming2011,Male,Prostate,411,127.89,46,19.57,0.153,289357
Wyoming,2012,Wyoming2012,Male,Prostate,307,90.05,42,16.27,0.181,294466
Wyoming,2013,Wyoming2013,Male,Prostate,354,100.68,42,16.52,0.164,297502
Wyoming,2014,Wyoming2014,Male,Prostate,360,100.87,45,15.84,0.157,297755
Wyoming,2015,Wyoming2015,Male,Prostate,362,98.56,39,14.01,0.142,299683
Wyoming,2016,Wyoming2016,Male,Prostate,410,111.76,59,19.83,0.177,298952
Wyoming,2017,Wyoming2017,Male,Prostate,485,125.79,41,13.14,0.104,295879
Wyoming,2018,Wyoming2018,Male,Prostate,480,119.09,65,20.92,0.176,295124
Wyoming,2019,Wyoming2019,Male,Prostate,455,113.57,57,17.63,0.155,295710
Wyoming,2020,Wyoming2020,Male,Prostate,414,98.58,66,20.00,0.203,296891
Alabama,2010,Alabama2010,Female,Breast,3433,118.20,696,23.47,0.199,2462501
Alabama,2011,Alabama2011,Female,Breast,3461,117.90,647,21.41,0.182,2471124
Alabama,2012,Alabama2012,Female,Breast,3582,120.71,691,22.79,0.189,2480436
Alabama,2013,Alabama2013,Female,Breast,3689,122.12,661,21.39,0.175,2488451
Alabama,2014,Alabama2014,Female,Breast,3728,122.04,666,20.98,0.172,2495725
Alabama,2015,Alabama2015,Female,Breast,3849,124.77,729,22.64,0.181,2501997
Alabama,2016,Alabama2016,Female,Breast,3837,123.03,678,21.05,0.171,2509613
Alabama,2017,Alabama2017,Female,Breast,3718,117.85,695,21.21,0.180,2517486
Alabama,2018,Alabama2018,Female,Breast,3854,120.94,731,21.89,0.181,2526183
Alabama,2019,Alabama2019,Female,Breast,4100,127.23,711,20.36,0.160,2536133
Alabama,2020,Alabama2020,Female,Breast,3959,122.00,695,19.94,0.163,2544566
Alaska,2010,Alaska2010,Female,Breast,419,128.27,59,21.85,0.170,342348
Alaska,2011,Alaska2011,Female,Breast,431,133.85,57,20.11,0.150,346420
Alaska,2012,Alaska2012,Female,Breast,424,128.38,58,17.58,0.137,349778
Alaska,2013,Alaska2013,Female,Breast,426,123.31,61,19.50,0.158,351687
Alaska,2014,Alaska2014,Female,Breast,454,132.84,74,23.98,0.181,351081
Alaska,2015,Alaska2015,Female,Breast,448,128.14,60,17.75,0.139,351714
Alaska,2016,Alaska2016,Female,Breast,417,116.91,68,19.54,0.167,353943
Alaska,2017,Alaska2017,Female,Breast,406,113.42,60,16.62,0.147,353997
Alaska,2018,Alaska2018,Female,Breast,475,127.31,58,16.10,0.126,352320
Alaska,2019,Alaska2019,Female,Breast,529,139.68,68,18.39,0.132,350790
Alaska,2020,Alaska2020,Female,Breast,437,114.36,59,15.05,0.132,349621
Arizona,2010,Arizona2010,Female,Breast,4132,113.85,733,19.45,0.171,3223331
Arizona,2011,Arizona2011,Female,Breast,4238,113.68,752,19.49,0.171,3255268
Arizona,2012,Arizona2012,Female,Breast,4268,111.60,750,19.15,0.172,3296646
Arizona,2013,Arizona2013,Female,Breast,4606,117.69,839,20.50,0.174,3337128
Arizona,2014,Arizona2014,Female,Breast,4766,118.74,793,19.19,0.162,3385557
Arizona,2015,Arizona2015,Female,Breast,4760,115.03,823,19.14,0.166,3435368
Arizona,2016,Arizona2016,Female,Breast,4965,116.38,850,19.13,0.164,3492446
Arizona,2017,Arizona2017,Female,Breast,4977,114.01,830,17.99,0.158,3545316
Arizona,2018,Arizona2018,Female,Breast,5210,115.88,805,17.11,0.148,3604059
Arizona,2019,Arizona2019,Female,Breast,5433,116.99,900,18.31,0.157,3669041
Arizona,2020,Arizona2020,Female,Breast,4909,102.59,883,17.58,0.171,3735475
Arkansas,2010,Arkansas2010,Female,Breast,1951,110.68,413,22.70,0.205,1487273
Arkansas,2011,Arkansas2011,Female,Breast,1924,108.47,388,20.91,0.193,1496627
Arkansas,2012,Arkansas2012,Female,Breast,2008,112.11,444,23.25,0.207,1502409
Arkansas,2013,Arkansas2013,Female,Breast,2200,120.98,400,21.40,0.177,1506571
Arkansas,2014,Arkansas2014,Female,Breast,2153,117.13,424,22.46,0.192,1510809
Arkansas,2015,Arkansas2015,Female,Breast,2209,119.31,394,20.13,0.169,1515816
Arkansas,2016,Arkansas2016,Female,Breast,2279,121.52,400,20.63,0.170,1521849
Arkansas,2017,Arkansas2017,Female,Breast,2197,116.48,414,20.64,0.177,1527948
Arkansas,2018,Arkansas2018,Female,Breast,2375,125.17,368,17.84,0.143,1533071
Arkansas,2019,Arkansas2019,Female,Breast,2523,129.34,375,18.17,0.141,1538076
Arkansas,2020,Arkansas2020,Female,Breast,2207,113.03,410,20.18,0.179,1543666
California,2010,California2010,Female,Breast,23836,119.97,4238,20.70,0.173,18773276
California,2011,California2011,Female,Breast,24958,123.50,4260,20.61,0.167,18941522
California,2012,California2012,Female,Breast,25397,122.88,4479,21.14,0.172,19097277
California,2013,California2013,Female,Breast,25917,123.21,4371,20.13,0.163,19257182
California,2014,California2014,Female,Breast,26004,121.20,4451,20.15,0.166,19422017
California,2015,California2015,Female,Breast,27187,124.12,4472,19.71,0.159,19575981
California,2016,California2016,Female,Breast,26977,121.19,4308,18.61,0.154,19696031
California,2017,California2017,Female,Breast,27804,123.28,4588,19.50,0.158,19783962
California,2018,California2018,Female,Breast,28154,123.08,4572,19.05,0.155,19829641
California,2019,California2019,Female,Breast,29108,126.10,4527,18.67,0.148,19829085
California,2020,California2020,Female,Breast,25809,111.47,4520,18.40,0.165,19790589
Colorado,2010,Colorado2010,Female,Breast,3369,124.49,528,19.96,0.160,2517949
Colorado,2011,Colorado2011,Female,Breast,3353,121.96,550,19.67,0.161,2555122
Colorado,2012,Colorado2012,Female,Breast,3502,122.85,579,20.29,0.165,2590172
Colorado,2013,Colorado2013,Female,Breast,3639,125.29,531,17.98,0.144,2627451
Colorado,2014,Colorado2014,Female,Breast,3739,125.89,554,18.42,0.146,2665581
Colorado,2015,Colorado2015,Female,Breast,3837,126.58,582,19.01,0.150,2713032
Colorado,2016,Colorado2016,Female,Breast,4030,129.63,613,19.54,0.151,2755067
Colorado,2017,Colorado2017,Female,Breast,4237,133.41,629,19.34,0.145,2789649
Colorado,2018,Colorado2018,Female,Breast,4286,131.57,599,18.18,0.138,2828980
Colorado,2019,Colorado2019,Female,Breast,4410,131.93,605,17.62,0.134,2857610
Colorado,2020,Colorado2020,Female,Breast,4083,120.66,658,18.92,0.157,2881832
Connecticut,2010,Connecticut2010,Female,Breast,3141,141.29,498,20.93,0.148,1836823
Connecticut,2011,Connecticut2011,Female,Breast,3108,137.00,484,19.52,0.142,1840904
Connecticut,2012,Connecticut2012,Female,Breast,3150,137.85,479,18.93,0.137,1843669
Connecticut,2013,Connecticut2013,Female,Breast,3196,139.88,454,18.55,0.133,1843190
Connecticut,2014,Connecticut2014,Female,Breast,3299,143.52,439,17.24,0.120,1842252
Connecticut,2015,Connecticut2015,Female,Breast,3361,144.71,432,17.10,0.118,1838202
Connecticut,2016,Connecticut2016,Female,Breast,3295,140.81,465,18.07,0.128,1833898
Connecticut,2017,Connecticut2017,Female,Breast,3275,138.50,466,18.27,0.132,1831503
Connecticut,2018,Connecticut2018,Female,Breast,3301,138.60,430,16.43,0.119,1831360
Connecticut,2019,Connecticut2019,Female,Breast,3378,141.73,440,16.74,0.118,1826990
Connecticut,2020,Connecticut2020,Female,Breast,3175,133.21,485,18.00,0.135,1822086
Delaware,2010,Delaware2010,Female,Breast,743,134.61,130,22.71,0.169,463974
Delaware,2011,Delaware2011,Female,Breast,713,124.09,128,22.00,0.177,468243
Delaware,2012,Delaware2012,Female,Breast,734,126.36,136,22.65,0.179,472124
Delaware,2013,Delaware2013,Female,Breast,879,147.37,131,21.27,0.144,476810
Delaware,2014,Delaware2014,Female,Breast,851,138.70,134,21.16,0.153,481448
Delaware,2015,Delaware2015,Female,Breast,849,137.85,143,21.15,0.153,486044
Delaware,2016,Delaware2016,Female,Breast,846,134.10,142,20.95,0.156,490492
Delaware,2017,Delaware2017,Female,Breast,781,121.60,150,22.04,0.181,494606
Delaware,2018,Delaware2018,Female,Breast,928,140.15,149,21.70,0.155,499426
Delaware,2019,Delaware2019,Female,Breast,1015,150.67,141,20.45,0.136,504571
Delaware,2020,Delaware2020,Female,Breast,881,125.97,146,18.88,0.150,510069
District of Columbia,2010,District of Columbia2010,Female,Breast,470,144.58,100,30.46,0.211,319308
District of Columbia,2011,District of Columbia2011,Female,Breast,514,157.12,89,26.24,0.167,326595
District of Columbia,2012,District of Columbia2012,Female,Breast,464,138.89,107,30.92,0.223,334714
District of Columbia,2013,District of Columbia2013,Female,Breast,480,140.49,108,29.36,0.209,342422
District of Columbia,2014,District of Columbia2014,Female,Breast,510,146.51,103,28.47,0.194,348388
District of Columbia,2015,District of Columbia2015,Female,Breast,456,130.53,102,27.89,0.214,355848
District of Columbia,2016,District of Columbia2016,Female,Breast,486,134.37,89,23.11,0.172,361065
District of Columbia,2017,District of Columbia2017,Female,Breast,529,147.99,92,24.30,0.164,366336
District of Columbia,2018,District of Columbia2018,Female,Breast,521,139.89,106,27.03,0.193,369821
District of Columbia,2019,District of Columbia2019,Female,Breast,472,125.85,97,24.28,0.193,372393
District of Columbia,2020,District of Columbia2020,Female,Breast,460,122.36,75,18.76,0.153,374884
Florida,2010,Florida2010,Female,Breast,14738,118.07,2857,21.30,0.180,9633882
Florida,2011,Florida2011,Female,Breast,15036,118.45,2814,20.63,0.174,9736576
Florida,2012,Florida2012,Female,Breast,15646,120.21,2848,20.53,0.171,9864969
Florida,2013,Florida2013,Female,Breast,16130,121.21,2778,19.50,0.161,9991577
Florida,2014,Florida2014,Female,Breast,16514,122.14,2904,19.72,0.161,10146227
Florida,2015,Florida2015,Female,Breast,16994,122.50,2856,19.11,0.156,10330862
Florida,2016,Florida2016,Female,Breast,17507,122.96,2908,18.85,0.153,10540185
Florida,2017,Florida2017,Female,Breast,17627,120.08,2952,18.55,0.155,10720663
Florida,2018,Florida2018,Female,Breast,18445,123.24,2962,18.05,0.146,10863662
Florida,2019,Florida2019,Female,Breast,19256,125.56,3155,19.13,0.152,10987074
Florida,2020,Florida2020,Female,Breast,17874,114.88,3018,17.77,0.155,11113132
Georgia,2010,Georgia2010,Female,Breast,6233,119.92,1222,23.57,0.197,4970859
Georgia,2011,Georgia2011,Female,Breast,6707,126.80,1188,22.58,0.178,5016509
Georgia,2012,Georgia2012,Female,Breast,6766,124.32,1175,21.58,0.174,5068404
Georgia,2013,Georgia2013,Female,Breast,6956,125.25,1245,22.55,0.180,5109687
Georgia,2014,Georgia2014,Female,Breast,7240,126.64,1286,22.60,0.178,5162257
Georgia,2015,Georgia2015,Female,Breast,7467,128.18,1241,21.37,0.167,5222914
Georgia,2016,Georgia2016,Female,Breast,7707,129.06,1273,21.73,0.168,5290447
Georgia,2017,Georgia2017,Female,Breast,7820,128.07,1334,21.86,0.171,5349075
Georgia,2018,Georgia2018,Female,Breast,8281,132.57,1293,20.59,0.155,5403773
Georgia,2019,Georgia2019,Female,Breast,8329,130.67,1302,20.09,0.154,5462335
Georgia,2020,Georgia2020,Female,Breast,8181,125.80,1311,20.04,0.159,5508468
Hawaii,2010,Hawaii2010,Female,Breast,1075,131.29,126,14.87,0.113,680708
Hawaii,2011,Hawaii2011,Female,Breast,1054,126.23,107,12.37,0.098,688528
Hawaii,2012,Hawaii2012,Female,Breast,1165,139.08,138,15.88,0.114,695606
Hawaii,2013,Hawaii2013,Female,Breast,1227,143.49,138,15.19,0.106,701564
Hawaii,2014,Hawaii2014,Female,Breast,1182,138.40,158,16.32,0.118,704261
Hawaii,2015,Hawaii2015,Female,Breast,1188,135.95,180,18.97,0.140,707788
Hawaii,2016,Hawaii2016,Female,Breast,1205,134.09,141,14.34,0.107,710710
Hawaii,2017,Hawaii2017,Female,Breast,1292,144.74,155,15.57,0.108,710227
Hawaii,2018,Hawaii2018,Female,Breast,1318,146.44,153,15.01,0.102,709720
Hawaii,2019,Hawaii2019,Female,Breast,1297,143.79,193,19.51,0.136,706419
Hawaii,2020,Hawaii2020,Female,Breast,1200,132.34,155,15.13,0.114,702640
Idaho,2010,Idaho2010,Female,Breast,1007,119.76,185,21.32,0.178,783970
Idaho,2011,Idaho2011,Female,Breast,1002,116.45,193,22.10,0.190,790969
Idaho,2012,Idaho2012,Female,Breast,1092,125.26,144,15.88,0.127,796813
Idaho,2013,Idaho2013,Female,Breast,1086,121.38,205,22.29,0.184,804640
Idaho,2014,Idaho2014,Female,Breast,1162,126.78,191,20.63,0.163,814428
Idaho,2015,Idaho2015,Female,Breast,1182,126.57,208,22.04,0.174,824601
Idaho,2016,Idaho2016,Female,Breast,1224,124.93,215,21.39,0.171,840378
Idaho,2017,Idaho2017,Female,Breast,1342,137.61,222,21.61,0.157,858030
Idaho,2018,Idaho2018,Female,Breast,1337,131.39,239,22.22,0.169,873726
Idaho,2019,Idaho2019,Female,Breast,1378,128.97,202,18.51,0.144,891995
Idaho,2020,Idaho2020,Female,Breast,1406,130.55,188,16.79,0.129,910789
Illinois,2010,Illinois2010,Female,Breast,9421,128.28,1740,22.56,0.176,6543435
Illinois,2011,Illinois2011,Female,Breast,9722,131.37,1815,23.21,0.177,6555863
Illinois,2012,Illinois2012,Female,Breast,9546,127.33,1810,22.83,0.179,6562818
Illinois,2013,Illinois2013,Female,Breast,9979,131.57,1761,22.03,0.167,6566512
Illinois,2014,Illinois2014,Female,Breast,10272,134.43,1756,21.72,0.162,6560509
Illinois,2015,Illinois2015,Female,Breast,10401,134.51,1781,21.66,0.161,6545496
Illinois,2016,Illinois2016,Female,Breast,10501,134.96,1700,20.76,0.154,6523873
Illinois,2017,Illinois2017,Female,Breast,10420,133.30,1708,20.43,0.153,6501339
Illinois,2018,Illinois2018,Female,Breast,10547,134.09,1754,20.73,0.155,6472590
Illinois,2019,Illinois2019,Female,Breast,10806,136.61,1758,20.73,0.152,6443120
Illinois,2020,Illinois2020,Female,Breast,9839,124.07,1711,20.02,0.161,6402224
Indiana,2010,Indiana2010,Female,Breast,4486,118.96,888,22.75,0.191,3297382
Indiana,2011,Indiana2011,Female,Breast,4533,119.24,879,22.21,0.186,3310293
Indiana,2012,Indiana2012,Female,Breast,4656,121.51,876,21.71,0.179,3319458
Indiana,2013,Indiana2013,Female,Breast,4799,123.22,887,21.72,0.176,3334467
Indiana,2014,Indiana2014,Female,Breast,4955,126.27,863,20.91,0.166,3346640
Indiana,2015,Indiana2015,Female,Breast,4998,124.79,856,20.59,0.165,3353205
Indiana,2016,Indiana2016,Female,Breast,5022,124.45,874,20.60,0.166,3366051
Indiana,2017,Indiana2017,Female,Breast,5182,125.32,902,20.92,0.167,3378096
Indiana,2018,Indiana2018,Female,Breast,5341,129.55,914,20.87,0.161,3395350
Indiana,2019,Indiana2019,Female,Breast,5325,127.05,847,19.25,0.152,3411571
Indiana,2020,Indiana2020,Female,Breast,,,,,,
Iowa,2010,Iowa2010,Female,Breast,2361,126.97,392,19.35,0.152,1539861
Iowa,2011,Iowa2011,Female,Breast,2374,127.15,408,19.54,0.154,1546565
Iowa,2012,Iowa2012,Female,Breast,2167,114.92,417,20.17,0.176,1550836
Iowa,2013,Iowa2013,Female,Breast,2235,118.91,385,18.61,0.156,1558562
Iowa,2014,Iowa2014,Female,Breast,2404,127.10,398,19.12,0.150,1565894
Iowa,2015,Iowa2015,Female,Breast,2501,130.96,388,18.49,0.141,1570465
Iowa,2016,Iowa2016,Female,Breast,2534,131.11,414,19.10,0.146,1575193
Iowa,2017,Iowa2017,Female,Breast,2706,138.89,390,17.96,0.129,1579862
Iowa,2018,Iowa2018,Female,Breast,2666,136.45,394,18.32,0.134,1582600
Iowa,2019,Iowa2019,Female,Breast,2770,138.81,396,18.09,0.130,1586636
Iowa,2020,Iowa2020,Female,Breast,2533,128.33,398,17.35,0.135,1587866
Kansas,2010,Kansas2010,Female,Breast,1972,121.48,355,20.42,0.168,1440121
Kansas,2011,Kansas2011,Female,Breast,2081,127.68,352,19.93,0.156,1445451
Kansas,2012,Kansas2012,Female,Breast,2105,126.69,397,22.94,0.181,1451795
Kansas,2013,Kansas2013,Female,Breast,1966,118.21,334,18.25,0.154,1454421
Kansas,2014,Kansas2014,Female,Breast,2126,126.84,357,18.93,0.149,1456819
Kansas,2015,Kansas2015,Female,Breast,2249,131.51,366,19.89,0.151,1460522
Kansas,2016,Kansas2016,Female,Breast,2256,132.02,401,21.48,0.163,1461643
Kansas,2017,Kansas2017,Female,Breast,2329,135.64,345,18.55,0.137,1460476
Kansas,2018,Kansas2018,Female,Breast,2339,134.34,381,20.34,0.151,1461321
Kansas,2019,Kansas2019,Female,Breast,2398,135.00,411,20.83,0.154,1462080
Kansas,2020,Kansas2020,Female,Breast,2215,124.87,346,18.21,0.146,1462265
Kentucky,2010,Kentucky2010,Female,Breast,3110,120.37,586,21.85,0.182,2208920
Kentucky,2011,Kentucky2011,Female,Breast,3215,121.66,613,22.54,0.185,2220604
Kentucky,2012,Kentucky2012,Female,Breast,3311,124.33,646,23.22,0.187,2227546
Kentucky,2013,Kentucky2013,Female,Breast,3365,124.46,585,21.03,0.169,2235831
Kentucky,2014,Kentucky2014,Female,Breast,3517,129.31,579,20.77,0.161,2241404
Kentucky,2015,Kentucky2015,Female,Breast,3538,127.98,593,21.04,0.164,2246861
Kentucky,2016,Kentucky2016,Female,Breast,3515,127.18,623,21.72,0.171,2253107
Kentucky,2017,Kentucky2017,Female,Breast,3595,127.12,633,21.35,0.168,2260311
Kentucky,2018,Kentucky2018,Female,Breast,3699,129.13,592,19.83,0.154,2265345
Kentucky,2019,Kentucky2019,Female,Breast,3792,131.77,657,22.12,0.168,2269036
Kentucky,2020,Kentucky2020,Female,Breast,3377,118.68,688,22.80,0.192,2271906
Louisiana,2010,Louisiana2010,Female,Breast,3175,123.48,648,24.57,0.199,2319925
Louisiana,2011,Louisiana2011,Female,Breast,3242,124.48,658,24.52,0.197,2336558
Louisiana,2012,Louisiana2012,Female,Breast,3249,122.51,660,24.16,0.197,2350259
Louisiana,2013,Louisiana2013,Female,Breast,3363,125.36,652,23.83,0.190,2362258
Louisiana,2014,Louisiana2014,Female,Breast,3381,123.32,671,24.08,0.195,2372375
Louisiana,2015,Louisiana2015,Female,Breast,3561,127.98,615,21.68,0.169,2383171
Louisiana,2016,Louisiana2016,Female,Breast,3532,125.33,636,22.15,0.177,2392011
Louisiana,2017,Louisiana2017,Female,Breast,3646,129.16,692,23.53,0.182,2390634
Louisiana,2018,Louisiana2018,Female,Breast,3800,133.39,677,22.55,0.169,2387863
Louisiana,2019,Louisiana2019,Female,Breast,3749,129.74,667,21.92,0.169,2385969
Louisiana,2020,Louisiana2020,Female,Breast,3528,120.01,678,21.70,0.181,2381158
Maine,2010,Maine2010,Female,Breast,1130,126.09,195,20.05,0.159,677943
Maine,2011,Maine2011,Female,Breast,1148,128.52,163,16.92,0.132,678007
Maine,2012,Maine2012,Female,Breast,1135,123.07,168,17.23,0.140,677831
Maine,2013,Maine2013,Female,Breast,1174,127.92,186,18.68,0.146,677601
Maine,2014,Maine2014,Female,Breast,1221,130.49,173,16.96,0.130,679271
Maine,2015,Maine2015,Female,Breast,1189,126.33,210,20.09,0.159,678342
Maine,2016,Maine2016,Female,Breast,1200,126.88,198,18.74,0.148,680027
Maine,2017,Maine2017,Female,Breast,1267,129.36,186,18.57,0.144,681559
Maine,2018,Maine2018,Female,Breast,1233,126.14,177,15.97,0.127,683920
Maine,2019,Maine2019,Female,Breast,1340,135.23,192,17.67,0.131,686674
Maine,2020,Maine2020,Female,Breast,1245,122.78,196,17.48,0.142,688840
Maryland,2010,Maryland2010,Female,Breast,4444,130.63,845,24.14,0.185,2988816
Maryland,2011,Maryland2011,Female,Breast,4543,130.70,785,22.23,0.170,3013514
Maryland,2012,Maryland2012,Female,Breast,4548,129.01,857,23.67,0.183,3036122
Maryland,2013,Maryland2013,Female,Breast,4868,136.18,783,21.44,0.157,3054346
Maryland,2014,Maryland2014,Female,Breast,4875,133.30,862,22.86,0.171,3072502
Maryland,2015,Maryland2015,Female,Breast,4923,132.82,825,21.72,0.163,3086658
Maryland,2016,Maryland2016,Female,Breast,4886,130.78,829,21.29,0.163,3095485
Maryland,2017,Maryland2017,Female,Breast,5093,134.57,857,21.59,0.160,3106751
Maryland,2018,Maryland2018,Female,Breast,5016,131.07,838,21.17,0.162,3115060
Maryland,2019,Maryland2019,Female,Breast,5456,141.27,789,19.32,0.137,3122480
Maryland,2020,Maryland2020,Female,Breast,5025,128.55,876,21.44,0.167,3123228
Massachusetts,2010,Massachusetts2010,Female,Breast,5229,130.66,825,19.05,0.146,3390251
Massachusetts,2011,Massachusetts2011,Female,Breast,5598,137.23,855,19.32,0.141,3412828
Massachusetts,2012,Massachusetts2012,Female,Breast,5650,137.29,860,19.29,0.141,3435460
Massachusetts,2013,Massachusetts2013,Female,Breast,5770,137.63,832,18.32,0.133,3460982
Massachusetts,2014,Massachusetts2014,Female,Breast,5906,139.22,818,17.79,0.128,3484994
Massachusetts,2015,Massachusetts2015,Female,Breast,5940,138.74,818,17.60,0.127,3501089
Massachusetts,2016,Massachusetts2016,Female,Breast,6191,143.00,777,16.83,0.118,3515076
Massachusetts,2017,Massachusetts2017,Female,Breast,6063,137.60,893,18.51,0.135,3532606
Massachusetts,2018,Massachusetts2018,Female,Breast,5875,133.13,773,15.79,0.119,3544419
Massachusetts,2019,Massachusetts2019,Female,Breast,6343,142.45,758,15.28,0.107,3548380
Massachusetts,2020,Massachusetts2020,Female,Breast,5469,122.38,810,16.03,0.131,3546542
Michigan,2010,Michigan2010,Female,Breast,7055,118.06,1492,23.72,0.201,5032392
Michigan,2011,Michigan2011,Female,Breast,7463,123.91,1431,22.60,0.182,5034506
Michigan,2012,Michigan2012,Female,Breast,7759,127.20,1425,22.10,0.174,5038913
Michigan,2013,Michigan2013,Female,Breast,7812,126.85,1382,21.06,0.166,5045064
Michigan,2014,Michigan2014,Female,Breast,7486,119.26,1470,22.32,0.187,5050975
Michigan,2015,Michigan2015,Female,Breast,7740,122.67,1378,20.55,0.168,5048777
Michigan,2016,Michigan2016,Female,Breast,7982,125.97,1383,20.44,0.162,5055467
Michigan,2017,Michigan2017,Female,Breast,7720,121.20,1311,19.23,0.159,5064544
Michigan,2018,Michigan2018,Female,Breast,8323,127.93,1490,21.72,0.170,5068797
Michigan,2019,Michigan2019,Female,Breast,8093,124.59,1389,19.92,0.160,5066743
Michigan,2020,Michigan2020,Female,Breast,7439,114.36,1403,19.83,0.173,5058742
Minnesota,2010,Minnesota2010,Female,Breast,3872,128.70,650,20.11,0.156,2675292
Minnesota,2011,Minnesota2011,Female,Breast,4144,135.46,638,19.62,0.145,2692147
Minnesota,2012,Minnesota2012,Female,Breast,4085,130.53,604,17.98,0.138,2706227
Minnesota,2013,Minnesota2013,Female,Breast,4030,128.31,665,19.58,0.153,2724276
Minnesota,2014,Minnesota2014,Female,Breast,4233,131.53,592,17.01,0.129,2742170
Minnesota,2015,Minnesota2015,Female,Breast,4387,135.31,680,19.27,0.142,2755982
Minnesota,2016,Minnesota2016,Female,Breast,4311,129.68,599,17.08,0.132,2775344
Minnesota,2017,Minnesota2017,Female,Breast,4723,140.77,612,16.71,0.119,2796520
Minnesota,2018,Minnesota2018,Female,Breast,4707,139.29,670,18.38,0.132,2815323
Minnesota,2019,Minnesota2019,Female,Breast,4785,139.41,650,17.32,0.124,2830663
Minnesota,2020,Minnesota2020,Female,Breast,4535,132.38,648,17.34,0.131,2838748
Mississippi,2010,Mississippi2010,Female,Breast,2013,117.67,432,24.87,0.211,1527379
Mississippi,2011,Mississippi2011,Female,Breast,1989,115.32,401,22.91,0.199,1531631
Mississippi,2012,Mississippi2012,Female,Breast,2099,120.39,455,25.15,0.209,1534497
Mississippi,2013,Mississippi2013,Female,Breast,2023,114.15,418,23.14,0.203,1536846
Mississippi,2014,Mississippi2014,Female,Breast,2073,115.80,439,23.57,0.204,1538890
Mississippi,2015,Mississippi2015,Female,Breast,2163,119.84,424,21.86,0.182,1539560
Mississippi,2016,Mississippi2016,Female,Breast,2249,123.25,440,23.40,0.190,1540132
Mississippi,2017,Mississippi2017,Female,Breast,2242,120.93,489,25.49,0.211,1539672
Mississippi,2018,Mississippi2018,Female,Breast,2359,126.33,413,21.56,0.171,1536005
Mississippi,2019,Mississippi2019,Female,Breast,2404,127.24,433,21.89,0.172,1534587
Mississippi,2020,Mississippi2020,Female,Breast,2141,113.77,501,24.90,0.219,1530971
Missouri,2010,Missouri2010,Female,Breast,4366,120.83,884,23.35,0.193,3058876
Missouri,2011,Missouri2011,Female,Breast,4701,128.75,898,23.23,0.180,3065745
Missouri,2012,Missouri2012,Female,Breast,4723,127.41,861,22.35,0.175,3072496
Missouri,2013,Missouri2013,Female,Breast,4705,126.83,858,21.90,0.173,3079277
Missouri,2014,Missouri2014,Female,Breast,4924,131.16,882,21.92,0.167,3086784
Missouri,2015,Missouri2015,Female,Breast,5009,131.80,867,21.41,0.162,3094077
Missouri,2016,Missouri2016,Female,Breast,5072,132.92,871,21.02,0.158,3101501
Missouri,2017,Missouri2017,Female,Breast,5186,133.61,867,21.10,0.158,3111381
Missouri,2018,Missouri2018,Female,Breast,4961,126.37,814,19.27,0.152,3119006
Missouri,2019,Missouri2019,Female,Breast,5436,138.31,810,19.08,0.138,3127846
Missouri,2020,Missouri2020,Female,Breast,4913,123.47,812,18.90,0.153,3133825
Montana,2010,Montana2010,Female,Breast,804,131.48,134,21.14,0.161,493472
Montana,2011,Montana2011,Female,Breast,807,130.82,134,20.41,0.156,497009
Montana,2012,Montana2012,Female,Breast,744,117.63,133,20.51,0.174,499969
Montana,2013,Montana2013,Female,Breast,740,114.48,137,19.87,0.174,504489
Montana,2014,Montana2014,Female,Breast,846,130.82,134,19.21,0.147,508360
Montana,2015,Montana2015,Female,Breast,880,135.69,146,21.58,0.159,512294
Montana,2016,Montana2016,Female,Breast,860,128.68,137,19.43,0.151,517417
Montana,2017,Montana2017,Female,Breast,953,140.30,130,17.67,0.126,523400
Montana,2018,Montana2018,Female,Breast,1001,147.45,126,16.79,0.114,527421
Montana,2019,Montana2019,Female,Breast,938,136.30,156,20.72,0.152,531486
Montana,2020,Montana2020,Female,Breast,833,119.62,136,16.70,0.140,536476
Nebraska,2010,Nebraska2010,Female,Breast,1262,119.43,225,19.18,0.161,921463
Nebraska,2011,Nebraska2011,Female,Breast,1325,127.00,206,18.12,0.143,926785
Nebraska,2012,Nebraska2012,Female,Breast,1296,120.20,245,21.20,0.176,932548
Nebraska,2013,Nebraska2013,Female,Breast,1328,122.25,245,20.79,0.170,937543
Nebraska,2014,Nebraska2014,Female,Breast,1384,125.35,251,21.29,0.170,943774
Nebraska,2015,Nebraska2015,Female,Breast,1425,129.97,233,18.67,0.144,949042
Nebraska,2016,Nebraska2016,Female,Breast,1464,130.85,244,20.09,0.153,955739
Nebraska,2017,Nebraska2017,Female,Breast,1456,130.57,243,19.74,0.151,960422
Nebraska,2018,Nebraska2018,Female,Breast,1553,138.11,222,18.18,0.132,964575
Nebraska,2019,Nebraska2019,Female,Breast,1515,132.19,276,22.33,0.169,967601
Nebraska,2020,Nebraska2020,Female,Breast,1407,123.83,274,21.47,0.173,969739
Nevada,2010,Nevada2010,Female,Breast,1647,115.05,331,23.55,0.205,1338331
Nevada,2011,Nevada2011,Female,Breast,1692,114.14,346,23.38,0.205,1345187
Nevada,2012,Nevada2012,Female,Breast,1747,115.21,328,22.26,0.193,1361633
Nevada,2013,Nevada2013,Female,Breast,1789,114.63,352,22.69,0.198,1379061
Nevada,2014,Nevada2014,Female,Breast,1802,111.26,351,22.19,0.199,1401290
Nevada,2015,Nevada2015,Female,Breast,1876,113.48,358,21.59,0.190,1427439
Nevada,2016,Nevada2016,Female,Breast,1991,116.21,369,21.89,0.188,1453771
Nevada,2017,Nevada2017,Female,Breast,2149,121.51,368,21.31,0.175,1480860
Nevada,2018,Nevada2018,Female,Breast,1988,110.27,381,21.24,0.193,1510460
Nevada,2019,Nevada2019,Female,Breast,1823,96.68,440,23.70,0.245,1541266
Nevada,2020,Nevada2020,Female,Breast,,,,,,
New Hampshire,2010,New Hampshire2010,Female,Breast,1067,130.29,184,21.65,0.166,667248
New Hampshire,2011,New Hampshire2011,Female,Breast,1171,143.09,174,19.80,0.138,668935
New Hampshire,2012,New Hampshire2012,Female,Breast,1142,135.25,164,18.91,0.140,670911
New Hampshire,2013,New Hampshire2013,Female,Breast,1292,150.65,176,19.79,0.131,671812
New Hampshire,2014,New Hampshire2014,Female,Breast,1283,145.92,194,21.07,0.144,674573
New Hampshire,2015,New Hampshire2015,Female,Breast,1319,147.52,173,18.74,0.127,675463
New Hampshire,2016,New Hampshire2016,Female,Breast,1316,146.30,177,19.05,0.130,678325
New Hampshire,2017,New Hampshire2017,Female,Breast,1237,137.43,160,16.14,0.117,681670
New Hampshire,2018,New Hampshire2018,Female,Breast,1301,140.95,171,16.73,0.119,683488
New Hampshire,2019,New Hampshire2019,Female,Breast,1329,140.53,201,19.66,0.140,686814
New Hampshire,2020,New Hampshire2020,Female,Breast,1224,130.38,181,18.47,0.142,689281
New Jersey,2010,New Jersey2010,Female,Breast,7009,130.83,1322,23.19,0.177,4515662
New Jersey,2011,New Jersey2011,Female,Breast,7061,130.55,1396,24.25,0.186,4527643
New Jersey,2012,New Jersey2012,Female,Breast,7215,132.41,1312,22.57,0.170,4534588
New Jersey,2013,New Jersey2013,Female,Breast,7574,137.65,1356,22.98,0.167,4538378
New Jersey,2014,New Jersey2014,Female,Breast,7611,136.80,1280,21.52,0.157,4541269
New Jersey,2015,New Jersey2015,Female,Breast,7725,137.72,1272,20.96,0.152,4542433
New Jersey,2016,New Jersey2016,Female,Breast,7758,136.67,1289,21.10,0.154,4541709
New Jersey,2017,New Jersey2017,Female,Breast,7975,139.87,1239,20.03,0.143,4547537
New Jersey,2018,New Jersey2018,Female,Breast,7939,138.35,1290,20.67,0.149,4547534
New Jersey,2019,New Jersey2019,Female,Breast,8246,143.34,1253,20.04,0.140,4545698
New Jersey,2020,New Jersey2020,Female,Breast,7352,127.57,1249,19.52,0.153,4539322
New Mexico,2010,New Mexico2010,Female,Breast,1308,109.06,266,22.11,0.203,1044296
New Mexico,2011,New Mexico2011,Female,Breast,1402,114.75,249,20.86,0.182,1052390
New Mexico,2012,New Mexico2012,Female,Breast,1447,116.89,231,17.79,0.152,1054817
New Mexico,2013,New Mexico2013,Female,Breast,1463,117.06,224,17.15,0.146,1056816
New Mexico,2014,New Mexico2014,Female,Breast,1406,111.51,246,18.89,0.169,1055167
New Mexico,2015,New Mexico2015,Female,Breast,1454,111.36,264,19.73,0.177,1055341
New Mexico,2016,New Mexico2016,Female,Breast,1462,111.54,278,20.41,0.183,1056516
New Mexico,2017,New Mexico2017,Female,Breast,1506,115.38,281,20.24,0.175,1056754
New Mexico,2018,New Mexico2018,Female,Breast,1519,112.52,275,19.50,0.173,1057418
New Mexico,2019,New Mexico2019,Female,Breast,1693,126.78,288,20.93,0.165,1060654
New Mexico,2020,New Mexico2020,Female,Breast,1409,103.07,274,18.48,0.179,1063860
New York,2010,New York2010,Female,Breast,14565,124.89,2700,21.57,0.173,10010724
New York,2011,New York2011,Female,Breast,15508,131.52,2699,21.43,0.163,10056851
New York,2012,New York2012,Female,Breast,15145,127.18,2632,20.63,0.162,10088624
New York,2013,New York2013,Female,Breast,15901,132.26,2632,20.42,0.154,10110966
New York,2014,New York2014,Female,Breast,16250,133.82,2500,19.10,0.143,10122684
New York,2015,New York2015,Female,Breast,16456,134.62,2524,19.11,0.142,10121136
New York,2016,New York2016,Female,Breast,16155,130.90,2622,19.73,0.151,10104957
New York,2017,New York2017,Female,Breast,16796,135.74,2457,18.09,0.133,10080806
New York,2018,New York2018,Female,Breast,17029,136.62,2639,19.28,0.141,10053544
New York,2019,New York2019,Female,Breast,17855,142.28,2491,18.16,0.128,10012065
New York,2020,New York2020,Female,Breast,15606,124.67,2441,17.64,0.142,9946279
North Carolina,2010,North Carolina2010,Female,Breast,7297,129.87,1334,23.28,0.179,4904404
North Carolina,2011,North Carolina2011,Female,Breast,7695,134.04,1315,22.21,0.166,4952048
North Carolina,2012,North Carolina2012,Female,Breast,7612,130.21,1287,21.41,0.164,5001181
North Carolina,2013,North Carolina2013,Female,Breast,7884,131.71,1254,20.42,0.155,5050911
North Carolina,2014,North Carolina2014,Female,Breast,8320,135.96,1311,20.89,0.154,5099723
North Carolina,2015,North Carolina2015,Female,Breast,8544,137.17,1397,21.70,0.158,5150065
North Carolina,2016,North Carolina2016,Female,Breast,8771,137.21,1317,20.08,0.146,5215042
North Carolina,2017,North Carolina2017,Female,Breast,9000,137.37,1451,21.49,0.156,5274812
North Carolina,2018,North Carolina2018,Female,Breast,9418,141.68,1405,20.31,0.143,5336021
North Carolina,2019,North Carolina2019,Female,Breast,9701,142.33,1355,19.17,0.135,5393755
North Carolina,2020,North Carolina2020,Female,Breast,8911,129.94,1390,19.22,0.148,5448241
North Dakota,2010,North Dakota2010,Female,Breast,479,122.79,101,22.79,0.186,333653
North Dakota,2011,North Dakota2011,Female,Breast,476,120.32,83,17.46,0.145,338166
North Dakota,2012,North Dakota2012,Female,Breast,489,125.53,79,16.76,0.133,345038
North Dakota,2013,North Dakota2013,Female,Breast,502,126.45,79,17.65,0.140,353821
North Dakota,2014,North Dakota2014,Female,Breast,462,114.63,66,14.37,0.125,360130
North Dakota,2015,North Dakota2015,Female,Breast,568,136.00,91,21.13,0.155,367405
North Dakota,2016,North Dakota2016,Female,Breast,564,138.52,83,17.45,0.126,368008
North Dakota,2017,North Dakota2017,Female,Breast,550,131.28,95,19.50,0.149,369032
North Dakota,2018,North Dakota2018,Female,Breast,562,133.36,77,17.33,0.130,370951
North Dakota,2019,North Dakota2019,Female,Breast,597,138.48,67,14.73,0.106,372678
North Dakota,2020,North Dakota2020,Female,Breast,488,115.06,82,16.88,0.147,373494
Ohio,2010,Ohio2010,Female,Breast,8412,118.39,1793,23.97,0.202,5905286
Ohio,2011,Ohio2011,Female,Breast,8964,125.37,1803,23.57,0.188,5906025
Ohio,2012,Ohio2012,Female,Breast,8940,124.51,1741,22.70,0.182,5904138
Ohio,2013,Ohio2013,Female,Breast,9300,127.53,1780,22.77,0.179,5914624
Ohio,2014,Ohio2014,Female,Breast,9468,128.64,1756,22.44,0.174,5925788
Ohio,2015,Ohio2015,Female,Breast,9656,130.10,1803,22.74,0.175,5931200
Ohio,2016,Ohio2016,Female,Breast,9793,130.44,1711,21.57,0.165,5937561
Ohio,2017,Ohio2017,Female,Breast,9920,131.23,1758,21.93,0.167,5949075
Ohio,2018,Ohio2018,Female,Breast,10021,131.56,1700,20.90,0.159,5956223
Ohio,2019,Ohio2019,Female,Breast,10148,132.20,1744,21.12,0.160,5962634
Ohio,2020,Ohio2020,Female,Breast,9439,122.79,1647,19.78,0.161,5960556
Oklahoma,2010,Oklahoma2010,Female,Breast,2597,120.01,554,24.78,0.206,1899677
Oklahoma,2011,Oklahoma2011,Female,Breast,2577,116.66,541,23.84,0.204,1914243
Oklahoma,2012,Oklahoma2012,Female,Breast,2588,116.00,539,23.46,0.202,1928266
Oklahoma,2013,Oklahoma2013,Female,Breast,2642,117.89,542,23.05,0.195,1944887
Oklahoma,2014,Oklahoma2014,Female,Breast,2762,121.94,520,21.99,0.180,1957329
Oklahoma,2015,Oklahoma2015,Female,Breast,2875,124.67,540,22.64,0.182,1972948
Oklahoma,2016,Oklahoma2016,Female,Breast,2967,127.19,531,22.13,0.174,1982104
Oklahoma,2017,Oklahoma2017,Female,Breast,2968,124.82,556,22.25,0.178,1984912
Oklahoma,2018,Oklahoma2018,Female,Breast,2988,125.43,610,24.24,0.193,1990175
Oklahoma,2019,Oklahoma2019,Female,Breast,2931,122.09,539,21.40,0.175,1999160
Oklahoma,2020,Oklahoma2020,Female,Breast,2756,114.02,576,22.25,0.195,2009602
Oregon,2010,Oregon2010,Female,Breast,2927,126.76,555,22.95,0.181,1938491
Oregon,2011,Oregon2011,Female,Breast,3072,131.30,500,20.33,0.155,1956689
Oregon,2012,Oregon2012,Female,Breast,3126,129.76,510,20.37,0.157,1969955
Oregon,2013,Oregon2013,Female,Breast,3218,130.60,519,20.04,0.153,1982002
Oregon,2014,Oregon2014,Female,Breast,3159,126.11,539,20.52,0.163,2002391
Oregon,2015,Oregon2015,Female,Breast,3323,130.47,550,20.12,0.154,2028279
Oregon,2016,Oregon2016,Female,Breast,3269,125.63,585,21.51,0.171,2065178
Oregon,2017,Oregon2017,Female,Breast,3361,126.53,506,18.30,0.145,2091485
Oregon,2018,Oregon2018,Female,Breast,3702,136.46,525,18.51,0.136,2109387
Oregon,2019,Oregon2019,Female,Breast,3865,139.45,573,19.61,0.141,2126006
Oregon,2020,Oregon2020,Female,Breast,3210,116.08,552,18.47,0.159,2139046
Pennsylvania,2010,Pennsylvania2010,Female,Breast,10393,127.15,2090,23.30,0.183,6515318
Pennsylvania,2011,Pennsylvania2011,Female,Breast,10707,130.07,2057,22.93,0.176,6528781
Pennsylvania,2012,Pennsylvania2012,Female,Breast,10824,130.51,2029,22.39,0.172,6533444
Pennsylvania,2013,Pennsylvania2013,Female,Breast,11126,132.78,2001,21.66,0.163,6532794
Pennsylvania,2014,Pennsylvania2014,Female,Breast,11181,133.69,1931,20.70,0.155,6536769
Pennsylvania,2015,Pennsylvania2015,Female,Breast,11194,132.82,2036,21.74,0.164,6531011
Pennsylvania,2016,Pennsylvania2016,Female,Breast,11376,133.80,1985,21.45,0.160,6527015
Pennsylvania,2017,Pennsylvania2017,Female,Breast,11351,132.91,1984,20.74,0.156,6528507
Pennsylvania,2018,Pennsylvania2018,Female,Breast,11394,132.12,1963,20.42,0.155,6532496
Pennsylvania,2019,Pennsylvania2019,Female,Breast,11589,133.73,1879,19.48,0.146,6526489
Pennsylvania,2020,Pennsylvania2020,Female,Breast,10493,120.79,1905,19.48,0.161,6516212
Rhode Island,2010,Rhode Island2010,Female,Breast,772,116.89,139,19.03,0.163,544718
Rhode Island,2011,Rhode Island2011,Female,Breast,854,128.67,144,19.98,0.155,544091
Rhode Island,2012,Rhode Island2012,Female,Breast,938,141.54,132,17.92,0.127,544185
Rhode Island,2013,Rhode Island2013,Female,Breast,931,138.48,143,19.34,0.140,544135
Rhode Island,2014,Rhode Island2014,Female,Breast,920,136.92,132,18.26,0.133,544071
Rhode Island,2015,Rhode Island2015,Female,Breast,970,141.24,137,17.47,0.124,543623
Rhode Island,2016,Rhode Island2016,Female,Breast,938,137.41,137,18.36,0.134,543662
Rhode Island,2017,Rhode Island2017,Female,Breast,986,141.03,125,16.43,0.117,542884
Rhode Island,2018,Rhode Island2018,Female,Breast,1042,147.26,135,17.17,0.117,543905
Rhode Island,2019,Rhode Island2019,Female,Breast,1027,147.31,142,18.19,0.123,543197
Rhode Island,2020,Rhode Island2020,Female,Breast,888,126.52,129,16.29,0.129,542433
South Carolina,2010,South Carolina2010,Female,Breast,3584,128.34,643,22.46,0.175,2380930
South Carolina,2011,South Carolina2011,Female,Breast,3618,126.78,717,24.58,0.194,2401300
South Carolina,2012,South Carolina2012,Female,Breast,3824,129.84,670,22.29,0.172,2425622
South Carolina,2013,South Carolina2013,Female,Breast,3899,129.62,638,21.14,0.163,2450408
South Carolina,2014,South Carolina2014,Female,Breast,3921,128.70,725,22.91,0.178,2482344
South Carolina,2015,South Carolina2015,Female,Breast,4152,132.37,654,20.44,0.154,2518205
South Carolina,2016,South Carolina2016,Female,Breast,4209,129.74,742,22.46,0.173,2553825
South Carolina,2017,South Carolina2017,Female,Breast,4355,131.66,695,20.61,0.157,2588374
South Carolina,2018,South Carolina2018,Female,Breast,4336,128.77,758,21.75,0.169,2623668
South Carolina,2019,South Carolina2019,Female,Breast,4574,132.79,751,20.66,0.156,2659704
South Carolina,2020,South Carolina2020,Female,Breast,4240,120.30,796,21.90,0.182,2694628
South Dakota,2010,South Dakota2010,Female,Breast,543,114.04,103,19.54,0.171,407748
South Dakota,2011,South Dakota2011,Female,Breast,639,132.91,125,23.96,0.180,410308
South Dakota,2012,South Dakota2012,Female,Breast,684,144.37,107,19.28,0.134,414663
South Dakota,2013,South Dakota2013,Female,Breast,730,150.27,110,20.13,0.134,418793
South Dakota,2014,South Dakota2014,Female,Breast,624,126.24,102,18.81,0.149,421923
South Dakota,2015,South Dakota2015,Female,Breast,665,131.66,104,18.80,0.143,424080
South Dakota,2016,South Dakota2016,Female,Breast,590,116.17,112,20.13,0.173,428212
South Dakota,2017,South Dakota2017,Female,Breast,653,126.92,102,17.51,0.138,432891
South Dakota,2018,South Dakota2018,Female,Breast,664,127.60,112,19.92,0.156,435837
South Dakota,2019,South Dakota2019,Female,Breast,708,131.93,107,18.04,0.137,439553
South Dakota,2020,South Dakota2020,Female,Breast,613,117.08,115,19.30,0.165,442058
Tennessee,2010,Tennessee2010,Female,Breast,4594,120.11,876,22.43,0.187,3257576
Tennessee,2011,Tennessee2011,Female,Breast,4752,121.81,867,21.61,0.177,3281016
Tennessee,2012,Tennessee2012,Female,Breast,4883,124.09,920,22.81,0.184,3308185
Tennessee,2013,Tennessee2013,Female,Breast,5135,127.88,928,22.31,0.174,3329087
Tennessee,2014,Tennessee2014,Female,Breast,4892,121.10,909,21.54,0.178,3352533
Tennessee,2015,Tennessee2015,Female,Breast,5214,126.25,941,22.10,0.175,3378397
Tennessee,2016,Tennessee2016,Female,Breast,5141,122.72,958,21.87,0.178,3406813
Tennessee,2017,Tennessee2017,Female,Breast,5320,123.61,934,20.97,0.170,3438006
Tennessee,2018,Tennessee2018,Female,Breast,5432,126.25,1034,23.27,0.184,3470870
Tennessee,2019,Tennessee2019,Female,Breast,5444,122.81,968,20.56,0.167,3498429
Tennessee,2020,Tennessee2020,Female,Breast,5252,116.80,998,21.33,0.183,3528814
Texas,2010,Texas2010,Female,Breast,14477,114.65,2627,20.84,0.182,12721747
Texas,2011,Texas2011,Female,Breast,14359,110.83,2630,20.25,0.183,12925831
Texas,2012,Texas2012,Female,Breast,15250,114.71,2821,21.12,0.184,13141745
Texas,2013,Texas2013,Female,Breast,15465,113.64,2746,20.19,0.178,13337529
Texas,2014,Texas2014,Female,Breast,16021,114.64,2783,19.89,0.174,13577164
Texas,2015,Texas2015,Female,Breast,16739,116.82,2857,19.82,0.170,13825817
Texas,2016,Texas2016,Female,Breast,16722,113.54,2918,19.76,0.174,14048837
Texas,2017,Texas2017,Female,Breast,17427,115.90,2984,19.82,0.171,14238026
Texas,2018,Texas2018,Female,Breast,18237,118.44,3117,20.08,0.170,14409326
Texas,2019,Texas2019,Female,Breast,19481,124.09,3145,19.99,0.161,14591903
Texas,2020,Texas2020,Female,Breast,17580,109.53,3052,18.73,0.171,14779708
Utah,2010,Utah2010,Female,Breast,1289,111.99,257,22.24,0.199,1381267
Utah,2011,Utah2011,Female,Breast,1399,117.91,244,20.53,0.174,1400748
Utah,2012,Utah2012,Female,Breast,1419,116.43,249,20.53,0.176,1419345
Utah,2013,Utah2013,Female,Breast,1391,111.92,255,20.44,0.183,1441058
Utah,2014,Utah2014,Female,Breast,1534,117.95,263,20.46,0.173,1460537
Utah,2015,Utah2015,Female,Breast,1517,114.80,268,20.19,0.176,1482384
Utah,2016,Utah2016,Female,Breast,1570,115.31,260,19.27,0.167,1511904
Utah,2017,Utah2017,Female,Breast,1593,113.21,280,20.27,0.179,1540562
Utah,2018,Utah2018,Female,Breast,1696,117.22,287,20.25,0.173,1566159
Utah,2019,Utah2019,Female,Breast,1763,118.48,285,19.13,0.161,1589845
Utah,2020,Utah2020,Female,Breast,1729,113.37,304,20.01,0.177,1612139
Vermont,2010,Vermont2010,Female,Breast,524,131.92,83,19.11,0.145,317623
Vermont,2011,Vermont2011,Female,Breast,519,127.66,81,17.95,0.141,317948
Vermont,2012,Vermont2012,Female,Breast,532,129.62,85,19.45,0.150,317491
Vermont,2013,Vermont2013,Female,Breast,527,127.31,79,18.76,0.147,317406
Vermont,2014,Vermont2014,Female,Breast,577,138.90,79,18.14,0.131,316922
Vermont,2015,Vermont2015,Female,Breast,560,132.73,96,21.09,0.159,316830
Vermont,2016,Vermont2016,Female,Breast,567,133.25,62,13.45,0.101,316042
Vermont,2017,Vermont2017,Female,Breast,547,127.09,80,17.28,0.136,316438
Vermont,2018,Vermont2018,Female,Breast,560,131.98,97,20.15,0.153,316353
Vermont,2019,Vermont2019,Female,Breast,618,140.94,79,15.93,0.113,315738
Vermont,2020,Vermont2020,Female,Breast,549,127.48,75,15.31,0.120,315355
Virginia,2010,Virginia2010,Female,Breast,5612,122.12,1034,22.20,0.182,4085723
Virginia,2011,Virginia2011,Female,Breast,5964,127.34,1084,22.63,0.178,4123702
Virginia,2012,Virginia2012,Female,Breast,6067,127.55,1032,21.20,0.166,4165263
Virginia,2013,Virginia2013,Female,Breast,6357,130.39,1049,21.01,0.161,4197755
Virginia,2014,Virginia2014,Female,Breast,6566,132.98,1145,22.63,0.170,4226409
Virginia,2015,Virginia2015,Female,Breast,6416,127.18,1117,21.35,0.168,4250855
Virginia,2016,Virginia2016,Female,Breast,6528,128.06,1110,20.90,0.163,4276468
Virginia,2017,Virginia2017,Female,Breast,6437,123.25,1175,21.79,0.177,4302531
Virginia,2018,Virginia2018,Female,Breast,6660,126.24,1132,20.69,0.164,4323072
Virginia,2019,Virginia2019,Female,Breast,7156,133.80,1111,19.89,0.149,4345858
Virginia,2020,Virginia2020,Female,Breast,6513,120.99,1122,19.69,0.163,4363032
Washington,2010,Washington2010,Female,Breast,4957,130.51,817,20.95,0.161,3384508
Washington,2011,Washington2011,Female,Breast,5265,136.42,827,20.81,0.153,3424466
Washington,2012,Washington2012,Female,Breast,5478,138.25,731,17.89,0.129,3459044
Washington,2013,Washington2013,Female,Breast,5508,136.62,854,20.51,0.150,3490939
Washington,2014,Washington2014,Female,Breast,5650,137.13,866,20.40,0.149,3533298
Washington,2015,Washington2015,Female,Breast,5691,133.85,873,20.03,0.150,3586587
Washington,2016,Washington2016,Female,Breast,5837,134.20,870,19.46,0.145,3650092
Washington,2017,Washington2017,Female,Breast,5998,135.20,888,19.33,0.143,3712553
Washington,2018,Washington2018,Female,Breast,6014,134.06,913,19.45,0.145,3760779
Washington,2019,Washington2019,Female,Breast,6254,136.33,916,19.27,0.141,3802546
Washington,2020,Washington2020,Female,Breast,5739,124.00,923,18.76,0.151,3840014
West Virginia,2010,West Virginia2010,Female,Breast,1397,115.26,272,20.48,0.178,939948
West Virginia,2011,West Virginia2011,Female,Breast,1413,115.04,303,23.57,0.205,940485
West Virginia,2012,West Virginia2012,Female,Breast,1473,119.03,294,22.32,0.188,940205
West Virginia,2013,West Virginia2013,Female,Breast,1491,119.95,277,21.55,0.180,938312
West Virginia,2014,West Virginia2014,Female,Breast,1469,115.79,300,22.37,0.193,936287
West Virginia,2015,West Virginia2015,Female,Breast,1537,122.90,279,21.05,0.171,931825
West Virginia,2016,West Virginia2016,Female,Breast,1502,119.47,290,21.78,0.182,926025
West Virginia,2017,West Virginia2017,Female,Breast,1511,118.50,300,22.15,0.187,918498
West Virginia,2018,West Virginia2018,Female,Breast,1553,122.12,298,22.39,0.183,912019
West Virginia,2019,West Virginia2019,Female,Breast,1617,128.10,284,20.84,0.163,906103
West Virginia,2020,West Virginia2020,Female,Breast,1438,110.78,259,18.70,0.169,900511
Wisconsin,2010,Wisconsin2010,Female,Breast,4123,123.46,767,21.32,0.173,2866332
Wisconsin,2011,Wisconsin2011,Female,Breast,4440,130.69,783,21.46,0.164,2873601
Wisconsin,2012,Wisconsin2012,Female,Breast,4485,131.02,763,20.53,0.157,2880310
Wisconsin,2013,Wisconsin2013,Female,Breast,4592,132.91,762,20.37,0.153,2888446
Wisconsin,2014,Wisconsin2014,Female,Breast,4555,129.47,739,19.28,0.149,2895122
Wisconsin,2015,Wisconsin2015,Female,Breast,4696,131.69,717,18.75,0.142,2898414
Wisconsin,2016,Wisconsin2016,Female,Breast,4802,133.42,735,19.37,0.145,2903515
Wisconsin,2017,Wisconsin2017,Female,Breast,4953,135.87,679,17.32,0.127,2911984
Wisconsin,2018,Wisconsin2018,Female,Breast,5056,138.29,775,19.62,0.142,2918734
Wisconsin,2019,Wisconsin2019,Female,Breast,5182,139.64,695,17.62,0.126,2925732
Wisconsin,2020,Wisconsin2020,Female,Breast,4692,126.29,726,18.01,0.143,2928939
Wyoming,2010,Wyoming2010,Female,Breast,341,108.73,72,22.31,0.205,276725
Wyoming,2011,Wyoming2011,Female,Breast,381,120.36,70,21.94,0.182,278134
Wyoming,2012,Wyoming2012,Female,Breast,352,109.54,52,15.42,0.141,282190
Wyoming,2013,Wyoming2013,Female,Breast,354,107.80,72,20.93,0.194,285118
Wyoming,2014,Wyoming2014,Female,Breast,412,124.95,52,14.27,0.114,285404
Wyoming,2015,Wyoming2015,Female,Breast,343,104.90,70,20.10,0.192,286706
Wyoming,2016,Wyoming2016,Female,Breast,413,118.75,70,20.01,0.169,286291
Wyoming,2017,Wyoming2017,Female,Breast,370,109.34,58,16.62,0.152,284115
Wyoming,2018,Wyoming2018,Female,Breast,407,116.31,71,20.02,0.172,283930
Wyoming,2019,Wyoming2019,Female,Breast,416,114.95,62,17.40,0.151,284406
Wyoming,2020,Wyoming2020,Female,Breast,411,119.64,72,18.67,0.156,285437
Alabama,2010,Alabama2010,Male & Female,Colon and Rectum,2378,44.17,894,16.83,0.381,4785514
Alabama,2010,Alabama2010,Male & Female,Lung and Bronchus,4037,73.22,3236,59.72,0.816,4785514
Alabama,2010,Alabama2010,Male & Female,Pancreas,676,12.41,578,10.68,0.861,4785514
Alabama,2011,Alabama2011,Male & Female,Colon and Rectum,2311,42.11,880,16.28,0.387,4799642
Alabama,2011,Alabama2011,Male & Female,Lung and Bronchus,4018,71.93,3164,56.86,0.791,4799642
Alabama,2011,Alabama2011,Male & Female,Pancreas,761,13.84,645,11.70,0.845,4799642
Alabama,2012,Alabama2012,Male & Female,Colon and Rectum,2440,44.17,909,16.44,0.372,4816632
Alabama,2012,Alabama2012,Male & Female,Lung and Bronchus,4030,70.31,3065,54.18,0.771,4816632
Alabama,2012,Alabama2012,Male & Female,Pancreas,703,12.52,664,11.82,0.944,4816632
Alabama,2013,Alabama2013,Male & Female,Colon and Rectum,2517,44.43,982,17.54,0.395,4831586
Alabama,2013,Alabama2013,Male & Female,Lung and Bronchus,3939,67.84,3164,54.78,0.807,4831586
Alabama,2013,Alabama2013,Male & Female,Pancreas,726,12.48,621,10.81,0.866,4831586
Alabama,2014,Alabama2014,Male & Female,Colon and Rectum,2543,44.57,869,15.33,0.344,4843737
Alabama,2014,Alabama2014,Male & Female,Lung and Bronchus,3962,65.98,3117,52.68,0.798,4843737
Alabama,2014,Alabama2014,Male & Female,Pancreas,750,12.68,675,11.49,0.907,4843737
Alabama,2015,Alabama2015,Male & Female,Colon and Rectum,2512,43.16,948,16.36,0.379,4854803
Alabama,2015,Alabama2015,Male & Female,Lung and Bronchus,3941,64.37,2980,49.07,0.762,4854803
Alabama,2015,Alabama2015,Male & Female,Pancreas,775,13.12,684,11.48,0.875,4854803
Alabama,2016,Alabama2016,Male & Female,Colon and Rectum,2577,43.96,871,14.69,0.334,4866824
Alabama,2016,Alabama2016,Male & Female,Lung and Bronchus,4030,64.76,3009,49.07,0.758,4866824
Alabama,2016,Alabama2016,Male & Female,Pancreas,825,13.72,724,12.03,0.877,4866824
Alabama,2017,Alabama2017,Male & Female,Colon and Rectum,2541,42.38,954,15.84,0.374,4877989
Alabama,2017,Alabama2017,Male & Female,Lung and Bronchus,3970,62.42,2946,46.58,0.746,4877989
Alabama,2017,Alabama2017,Male & Female,Pancreas,741,12.01,714,11.58,0.965,4877989
Alabama,2018,Alabama2018,Male & Female,Colon and Rectum,2471,40.80,926,15.07,0.369,4891628
Alabama,2018,Alabama2018,Male & Female,Lung and Bronchus,4004,61.78,2939,45.62,0.739,4891628
Alabama,2018,Alabama2018,Male & Female,Pancreas,888,13.97,775,12.15,0.870,4891628
Alabama,2019,Alabama2019,Male & Female,Colon and Rectum,2565,41.75,875,13.94,0.334,4907965
Alabama,2019,Alabama2019,Male & Female,Lung and Bronchus,3981,59.86,2746,41.72,0.697,4907965
Alabama,2019,Alabama2019,Male & Female,Pancreas,855,13.27,743,11.45,0.863,4907965
Alabama,2020,Alabama2020,Male & Female,Colon and Rectum,2281,37.04,885,13.99,0.378,4921532
Alabama,2020,Alabama2020,Male & Female,Lung and Bronchus,3537,52.23,2729,40.51,0.776,4921532
Alabama,2020,Alabama2020,Male & Female,Pancreas,812,12.28,787,11.94,0.972,4921532
Alaska,2010,Alaska2010,Male & Female,Colon and Rectum,284,49.64,84,16.41,0.331,713982
Alaska,2010,Alaska2010,Male & Female,Lung and Bronchus,366,68.93,241,49.80,0.722,713982
Alaska,2010,Alaska2010,Male & Female,Pancreas,65,12.45,51,10.13,0.814,713982
Alaska,2011,Alaska2011,Male & Female,Colon and Rectum,266,41.90,74,13.99,0.334,722349
Alaska,2011,Alaska2011,Male & Female,Lung and Bronchus,354,66.51,265,50.36,0.757,722349
Alaska,2011,Alaska2011,Male & Female,Pancreas,74,14.16,59,11.11,0.785,722349
Alaska,2012,Alaska2012,Male & Female,Colon and Rectum,252,41.43,87,15.70,0.379,730810
Alaska,2012,Alaska2012,Male & Female,Lung and Bronchus,356,61.49,260,51.28,0.834,730810
Alaska,2012,Alaska2012,Male & Female,Pancreas,74,12.27,63,11.77,0.959,730810
Alaska,2013,Alaska2013,Male & Female,Colon and Rectum,286,45.17,99,16.67,0.369,737626
Alaska,2013,Alaska2013,Male & Female,Lung and Bronchus,334,57.12,273,47.34,0.829,737626
Alaska,2013,Alaska2013,Male & Female,Pancreas,73,11.01,69,11.08,1.007,737626
Alaska,2014,Alaska2014,Male & Female,Colon and Rectum,277,44.40,89,16.13,0.363,737075
Alaska,2014,Alaska2014,Male & Female,Lung and Bronchus,360,58.43,237,40.18,0.688,737075
Alaska,2014,Alaska2014,Male & Female,Pancreas,85,13.61,62,10.37,0.762,737075
Alaska,2015,Alaska2015,Male & Female,Colon and Rectum,301,43.18,84,14.29,0.331,738430
Alaska,2015,Alaska2015,Male & Female,Lung and Bronchus,383,58.87,259,42.03,0.714,738430
Alaska,2015,Alaska2015,Male & Female,Pancreas,78,11.47,65,10.29,0.897,738430
Alaska,2016,Alaska2016,Male & Female,Colon and Rectum,277,39.85,93,15.02,0.377,742575
Alaska,2016,Alaska2016,Male & Female,Lung and Bronchus,377,57.22,230,38.64,0.675,742575
Alaska,2016,Alaska2016,Male & Female,Pancreas,101,15.52,81,12.29,0.792,742575
Alaska,2017,Alaska2017,Male & Female,Colon and Rectum,319,44.64,105,15.75,0.353,740983
Alaska,2017,Alaska2017,Male & Female,Lung and Bronchus,373,54.73,203,31.20,0.570,740983
Alaska,2017,Alaska2017,Male & Female,Pancreas,87,12.49,61,9.24,0.740,740983
Alaska,2018,Alaska2018,Male & Female,Colon and Rectum,300,41.24,90,14.24,0.345,736624
Alaska,2018,Alaska2018,Male & Female,Lung and Bronchus,354,49.10,213,31.91,0.650,736624
Alaska,2018,Alaska2018,Male & Female,Pancreas,85,11.85,71,9.91,0.836,736624
Alaska,2019,Alaska2019,Male & Female,Colon and Rectum,287,39.78,97,13.83,0.348,733603
Alaska,2019,Alaska2019,Male & Female,Lung and Bronchus,406,53.58,222,30.52,0.570,733603
Alaska,2019,Alaska2019,Male & Female,Pancreas,99,13.31,70,9.30,0.698,733603
Alaska,2020,Alaska2020,Male & Female,Colon and Rectum,305,40.80,108,15.82,0.388,731158
Alaska,2020,Alaska2020,Male & Female,Lung and Bronchus,372,49.16,239,32.49,0.661,731158
Alaska,2020,Alaska2020,Male & Female,Pancreas,106,13.57,88,11.70,0.862,731158
Arizona,2010,Arizona2010,Male & Female,Colon and Rectum,2550,36.61,969,13.95,0.381,6407342
Arizona,2010,Arizona2010,Male & Female,Lung and Bronchus,3695,52.17,2722,38.67,0.741,6407342
Arizona,2010,Arizona2010,Male & Female,Pancreas,775,10.96,726,10.33,0.942,6407342
Arizona,2011,Arizona2011,Male & Female,Colon and Rectum,2517,35.27,950,13.26,0.376,6473416
Arizona,2011,Arizona2011,Male & Female,Lung and Bronchus,3865,52.93,2665,36.70,0.693,6473416
Arizona,2011,Arizona2011,Male & Female,Pancreas,876,12.07,723,10.04,0.832,6473416
Arizona,2012,Arizona2012,Male & Female,Colon and Rectum,2594,35.21,964,12.94,0.367,6556344
Arizona,2012,Arizona2012,Male & Female,Lung and Bronchus,3843,50.79,2803,37.14,0.731,6556344
Arizona,2012,Arizona2012,Male & Female,Pancreas,967,12.70,841,11.04,0.869,6556344
Arizona,2013,Arizona2013,Male & Female,Colon and Rectum,2555,33.57,987,13.08,0.390,6634690
Arizona,2013,Arizona2013,Male & Female,Lung and Bronchus,4021,51.07,2783,35.57,0.697,6634690
Arizona,2013,Arizona2013,Male & Female,Pancreas,874,11.23,769,9.80,0.872,6634690
Arizona,2014,Arizona2014,Male & Female,Colon and Rectum,2726,34.78,1040,13.21,0.380,6732873
Arizona,2014,Arizona2014,Male & Female,Lung and Bronchus,3959,48.60,2707,33.42,0.688,6732873
Arizona,2014,Arizona2014,Male & Female,Pancreas,980,12.01,814,10.03,0.835,6732873
Arizona,2015,Arizona2015,Male & Female,Colon and Rectum,2666,33.09,1022,12.57,0.380,6832810
Arizona,2015,Arizona2015,Male & Female,Lung and Bronchus,4079,48.04,2932,34.85,0.725,6832810
Arizona,2015,Arizona2015,Male & Female,Pancreas,960,11.46,867,10.23,0.893,6832810
Arizona,2016,Arizona2016,Male & Female,Colon and Rectum,2627,31.64,1055,12.37,0.391,6944767
Arizona,2016,Arizona2016,Male & Female,Lung and Bronchus,3962,45.02,2702,30.75,0.683,6944767
Arizona,2016,Arizona2016,Male & Female,Pancreas,1052,12.05,908,10.45,0.867,6944767
Arizona,2017,Arizona2017,Male & Female,Colon and Rectum,2750,32.24,1110,12.63,0.392,7048088
Arizona,2017,Arizona2017,Male & Female,Lung and Bronchus,4074,44.46,2768,30.31,0.682,7048088
Arizona,2017,Arizona2017,Male & Female,Pancreas,1057,11.70,923,10.19,0.870,7048088
Arizona,2018,Arizona2018,Male & Female,Colon and Rectum,2834,32.39,1120,12.43,0.384,7164228
Arizona,2018,Arizona2018,Male & Female,Lung and Bronchus,4090,42.96,2643,27.87,0.649,7164228
Arizona,2018,Arizona2018,Male & Female,Pancreas,1152,12.36,953,10.14,0.820,7164228
Arizona,2019,Arizona2019,Male & Female,Colon and Rectum,2800,30.69,1094,11.68,0.380,7291843
Arizona,2019,Arizona2019,Male & Female,Lung and Bronchus,4040,40.52,2512,25.23,0.623,7291843
Arizona,2019,Arizona2019,Male & Female,Pancreas,1212,12.51,1022,10.47,0.837,7291843
Arizona,2020,Arizona2020,Male & Female,Colon and Rectum,2562,27.55,1147,11.80,0.428,7421401
Arizona,2020,Arizona2020,Male & Female,Lung and Bronchus,3723,36.09,2590,25.20,0.698,7421401
Arizona,2020,Arizona2020,Male & Female,Pancreas,1137,11.27,1005,9.85,0.874,7421401
Arkansas,2010,Arkansas2010,Male & Female,Colon and Rectum,1443,43.35,632,19.11,0.441,2921998
Arkansas,2010,Arkansas2010,Male & Female,Lung and Bronchus,2631,76.72,2127,62.61,0.816,2921998
Arkansas,2010,Arkansas2010,Male & Female,Pancreas,388,11.63,364,10.90,0.937,2921998
Arkansas,2011,Arkansas2011,Male & Female,Colon and Rectum,1431,42.15,622,18.53,0.440,2941038
Arkansas,2011,Arkansas2011,Male & Female,Lung and Bronchus,2697,77.63,2112,61.15,0.788,2941038
Arkansas,2011,Arkansas2011,Male & Female,Pancreas,386,11.22,371,10.93,0.974,2941038
Arkansas,2012,Arkansas2012,Male & Female,Colon and Rectum,1453,42.41,607,17.58,0.415,2952876
Arkansas,2012,Arkansas2012,Male & Female,Lung and Bronchus,2723,76.69,2130,60.65,0.791,2952876
Arkansas,2012,Arkansas2012,Male & Female,Pancreas,415,11.96,381,10.96,0.916,2952876
Arkansas,2013,Arkansas2013,Male & Female,Colon and Rectum,1537,43.96,623,17.67,0.402,2960459
Arkansas,2013,Arkansas2013,Male & Female,Lung and Bronchus,2890,80.11,2168,60.44,0.754,2960459
Arkansas,2013,Arkansas2013,Male & Female,Pancreas,468,13.09,397,11.10,0.848,2960459
Arkansas,2014,Arkansas2014,Male & Female,Colon and Rectum,1587,45.09,573,16.27,0.361,2968759
Arkansas,2014,Arkansas2014,Male & Female,Lung and Bronchus,2908,79.08,2054,56.08,0.709,2968759
Arkansas,2014,Arkansas2014,Male & Female,Pancreas,426,11.98,388,10.85,0.905,2968759
Arkansas,2015,Arkansas2015,Male & Female,Colon and Rectum,1611,45.83,595,16.47,0.359,2979732
Arkansas,2015,Arkansas2015,Male & Female,Lung and Bronchus,2944,78.58,2124,57.15,0.727,2979732
Arkansas,2015,Arkansas2015,Male & Female,Pancreas,446,12.16,372,10.23,0.841,2979732
Arkansas,2016,Arkansas2016,Male & Female,Colon and Rectum,1530,42.77,586,16.07,0.376,2991815
Arkansas,2016,Arkansas2016,Male & Female,Lung and Bronchus,2928,77.59,2006,53.11,0.684,2991815
Arkansas,2016,Arkansas2016,Male & Female,Pancreas,477,12.86,434,11.60,0.902,2991815
Arkansas,2017,Arkansas2017,Male & Female,Colon and Rectum,1593,43.34,571,15.52,0.358,3003855
Arkansas,2017,Arkansas2017,Male & Female,Lung and Bronchus,2813,72.36,1954,50.90,0.703,3003855
Arkansas,2017,Arkansas2017,Male & Female,Pancreas,503,13.28,423,11.17,0.841,3003855
Arkansas,2018,Arkansas2018,Male & Female,Colon and Rectum,1619,43.09,520,13.74,0.319,3012161
Arkansas,2018,Arkansas2018,Male & Female,Lung and Bronchus,3011,75.54,1871,47.32,0.627,3012161
Arkansas,2018,Arkansas2018,Male & Female,Pancreas,491,12.84,439,11.49,0.895,3012161
Arkansas,2019,Arkansas2019,Male & Female,Colon and Rectum,1738,46.30,600,15.50,0.335,3020985
Arkansas,2019,Arkansas2019,Male & Female,Lung and Bronchus,2954,73.19,1832,45.47,0.621,3020985
Arkansas,2019,Arkansas2019,Male & Female,Pancreas,522,13.13,419,10.51,0.801,3020985
Arkansas,2020,Arkansas2020,Male & Female,Colon and Rectum,1325,35.60,535,13.65,0.383,3030522
Arkansas,2020,Arkansas2020,Male & Female,Lung and Bronchus,2415,58.58,1872,45.70,0.780,3030522
Arkansas,2020,Arkansas2020,Male & Female,Pancreas,413,10.27,432,10.79,1.050,3030522
California,2010,California2010,Male & Female,Colon and Rectum,14724,40.08,5165,14.20,0.354,37319550
California,2010,California2010,Male & Female,Lung and Bronchus,17333,48.64,12960,36.44,0.749,37319550
California,2010,California2010,Male & Female,Pancreas,4351,12.01,3818,10.56,0.880,37319550
California,2011,California2011,Male & Female,Colon and Rectum,14420,38.31,5283,14.09,0.368,37636311
California,2011,California2011,Male & Female,Lung and Bronchus,16737,45.73,12742,34.94,0.764,37636311
California,2011,California2011,Male & Female,Pancreas,4332,11.64,3817,10.31,0.886,37636311
California,2012,California2012,Male & Female,Colon and Rectum,14291,37.07,5199,13.56,0.366,37944551
California,2012,California2012,Male & Female,Lung and Bronchus,16951,45.23,12501,33.37,0.738,37944551
California,2012,California2012,Male & Female,Pancreas,4488,11.72,4036,10.58,0.903,37944551
California,2013,California2013,Male & Female,Colon and Rectum,14220,35.87,5179,13.16,0.367,38253768
California,2013,California2013,Male & Female,Lung and Bronchus,16886,43.62,12464,32.32,0.741,38253768
California,2013,California2013,Male & Female,Pancreas,4593,11.67,4098,10.49,0.899,38253768
California,2014,California2014,Male & Female,Colon and Rectum,14825,36.47,5223,12.91,0.354,38586706
California,2014,California2014,Male & Female,Lung and Bronchus,17165,43.05,12284,30.97,0.719,38586706
California,2014,California2014,Male & Female,Pancreas,4848,11.94,4142,10.25,0.859,38586706
California,2015,California2015,Male & Female,Colon and Rectum,14875,35.79,5445,13.10,0.366,38904296
California,2015,California2015,Male & Female,Lung and Bronchus,17343,42.25,12381,30.22,0.715,38904296
California,2015,California2015,Male & Female,Pancreas,4983,11.99,4242,10.24,0.854,38904296
California,2016,California2016,Male & Female,Colon and Rectum,14783,34.87,5211,12.31,0.353,39149186
California,2016,California2016,Male & Female,Lung and Bronchus,17172,40.72,11739,28.04,0.689,39149186
California,2016,California2016,Male & Female,Pancreas,5235,12.26,4423,10.37,0.846,39149186
California,2017,California2017,Male & Female,Colon and Rectum,14732,34.16,5288,12.22,0.358,39337785
California,2017,California2017,Male & Female,Lung and Bronchus,17149,39.66,11555,26.82,0.676,39337785
California,2017,California2017,Male & Female,Pancreas,5220,12.00,4526,10.42,0.868,39337785
California,2018,California2018,Male & Female,Colon and Rectum,14986,34.12,5387,12.17,0.357,39437463
California,2018,California2018,Male & Female,Lung and Bronchus,16755,37.79,11078,25.09,0.664,39437463
California,2018,California2018,Male & Female,Pancreas,5492,12.32,4546,10.21,0.828,39437463
California,2019,California2019,Male & Female,Colon and Rectum,15279,34.40,5379,11.96,0.348,39437610
California,2019,California2019,Male & Female,Lung and Bronchus,17199,37.87,10731,23.75,0.627,39437610
California,2019,California2019,Male & Female,Pancreas,5717,12.62,4714,10.39,0.823,39437610
California,2020,California2020,Male & Female,Colon and Rectum,13447,29.96,5401,11.81,0.394,39368078
California,2020,California2020,Male & Female,Lung and Bronchus,15003,32.23,10381,22.44,0.696,39368078
California,2020,California2020,Male & Female,Pancreas,5328,11.53,4657,10.05,0.872,39368078
Colorado,2010,Colorado2010,Male & Female,Colon and Rectum,1705,35.08,640,13.44,0.383,5047539
Colorado,2010,Colorado2010,Male & Female,Lung and Bronchus,2200,46.71,1635,35.14,0.752,5047539
Colorado,2010,Colorado2010,Male & Female,Pancreas,527,10.95,462,9.77,0.892,5047539
Colorado,2011,Colorado2011,Male & Female,Colon and Rectum,1734,35.04,633,12.94,0.369,5121900
Colorado,2011,Colorado2011,Male & Female,Lung and Bronchus,2221,45.50,1590,32.94,0.724,5121900
Colorado,2011,Colorado2011,Male & Female,Pancreas,583,11.66,488,9.92,0.850,5121900
Colorado,2012,Colorado2012,Male & Female,Colon and Rectum,1771,34.25,633,12.50,0.365,5193660
Colorado,2012,Colorado2012,Male & Female,Lung and Bronchus,2334,45.77,1590,31.77,0.694,5193660
Colorado,2012,Colorado2012,Male & Female,Pancreas,625,12.04,511,10.02,0.832,5193660
Colorado,2013,Colorado2013,Male & Female,Colon and Rectum,1857,34.71,640,12.17,0.351,5270774
Colorado,2013,Colorado2013,Male & Female,Lung and Bronchus,2280,43.36,1561,30.07,0.693,5270774
Colorado,2013,Colorado2013,Male & Female,Pancreas,563,10.51,497,9.28,0.884,5270774
Colorado,2014,Colorado2014,Male & Female,Colon and Rectum,1841,33.23,664,12.36,0.372,5352637
Colorado,2014,Colorado2014,Male & Female,Lung and Bronchus,2354,42.82,1581,29.30,0.684,5352637
Colorado,2014,Colorado2014,Male & Female,Pancreas,649,11.55,522,9.42,0.816,5352637
Colorado,2015,Colorado2015,Male & Female,Colon and Rectum,1954,34.02,670,11.93,0.351,5454328
Colorado,2015,Colorado2015,Male & Female,Lung and Bronchus,2360,41.50,1546,27.85,0.671,5454328
Colorado,2015,Colorado2015,Male & Female,Pancreas,620,10.62,502,8.78,0.827,5454328
Colorado,2016,Colorado2016,Male & Female,Colon and Rectum,1902,32.65,668,11.80,0.361,5543844
Colorado,2016,Colorado2016,Male & Female,Lung and Bronchus,2383,40.84,1590,27.87,0.682,5543844
Colorado,2016,Colorado2016,Male & Female,Pancreas,702,11.75,567,9.62,0.819,5543844
Colorado,2017,Colorado2017,Male & Female,Colon and Rectum,1984,32.69,705,11.88,0.363,5617421
Colorado,2017,Colorado2017,Male & Female,Lung and Bronchus,2438,40.10,1495,24.83,0.619,5617421
Colorado,2017,Colorado2017,Male & Female,Pancreas,725,11.74,551,8.95,0.762,5617421
Colorado,2018,Colorado2018,Male & Female,Colon and Rectum,1944,31.43,666,11.00,0.350,5697155
Colorado,2018,Colorado2018,Male & Female,Lung and Bronchus,2403,37.94,1407,23.06,0.608,5697155
Colorado,2018,Colorado2018,Male & Female,Pancreas,713,11.27,640,10.31,0.915,5697155
Colorado,2019,Colorado2019,Male & Female,Colon and Rectum,1976,31.29,678,10.88,0.348,5758486
Colorado,2019,Colorado2019,Male & Female,Lung and Bronchus,2490,38.01,1474,23.23,0.611,5758486
Colorado,2019,Colorado2019,Male & Female,Pancreas,765,11.77,618,9.52,0.809,5758486
Colorado,2020,Colorado2020,Male & Female,Colon and Rectum,1772,27.42,722,11.29,0.412,5807719
Colorado,2020,Colorado2020,Male & Female,Lung and Bronchus,2373,35.31,1479,22.48,0.637,5807719
Colorado,2020,Colorado2020,Male & Female,Pancreas,790,11.69,643,9.77,0.836,5807719
Connecticut,2010,Connecticut2010,Male & Female,Colon and Rectum,1754,41.42,553,12.66,0.306,3579173
Connecticut,2010,Connecticut2010,Male & Female,Lung and Bronchus,2659,63.61,1855,44.21,0.695,3579173
Connecticut,2010,Connecticut2010,Male & Female,Pancreas,564,13.47,475,11.10,0.824,3579173
Connecticut,2011,Connecticut2011,Male & Female,Colon and Rectum,1676,39.44,521,11.84,0.300,3588632
Connecticut,2011,Connecticut2011,Male & Female,Lung and Bronchus,2651,63.00,1734,40.54,0.643,3588632
Connecticut,2011,Connecticut2011,Male & Female,Pancreas,586,13.62,507,11.77,0.864,3588632
Connecticut,2012,Connecticut2012,Male & Female,Colon and Rectum,1771,40.70,527,11.80,0.290,3595211
Connecticut,2012,Connecticut2012,Male & Female,Lung and Bronchus,2670,61.67,1651,37.40,0.606,3595211
Connecticut,2012,Connecticut2012,Male & Female,Pancreas,589,13.28,479,10.80,0.813,3595211
Connecticut,2013,Connecticut2013,Male & Female,Colon and Rectum,1597,36.54,537,11.72,0.321,3595792
Connecticut,2013,Connecticut2013,Male & Female,Lung and Bronchus,2764,62.87,1667,37.47,0.596,3595792
Connecticut,2013,Connecticut2013,Male & Female,Pancreas,578,12.86,464,10.14,0.788,3595792
Connecticut,2014,Connecticut2014,Male & Female,Colon and Rectum,1609,36.28,522,11.22,0.309,3595697
Connecticut,2014,Connecticut2014,Male & Female,Lung and Bronchus,2690,59.88,1654,36.37,0.607,3595697
Connecticut,2014,Connecticut2014,Male & Female,Pancreas,633,13.96,489,10.80,0.774,3595697
Connecticut,2015,Connecticut2015,Male & Female,Colon and Rectum,1598,35.43,536,11.54,0.326,3588561
Connecticut,2015,Connecticut2015,Male & Female,Lung and Bronchus,2648,58.05,1568,34.34,0.592,3588561
Connecticut,2015,Connecticut2015,Male & Female,Pancreas,637,13.82,485,10.44,0.755,3588561
Connecticut,2016,Connecticut2016,Male & Female,Colon and Rectum,1613,35.75,502,10.62,0.297,3579830
Connecticut,2016,Connecticut2016,Male & Female,Lung and Bronchus,2790,60.19,1572,33.71,0.560,3579830
Connecticut,2016,Connecticut2016,Male & Female,Pancreas,687,14.53,531,11.17,0.769,3579830
Connecticut,2017,Connecticut2017,Male & Female,Colon and Rectum,1536,33.96,473,10.10,0.298,3575324
Connecticut,2017,Connecticut2017,Male & Female,Lung and Bronchus,2834,59.58,1508,31.67,0.532,3575324
Connecticut,2017,Connecticut2017,Male & Female,Pancreas,622,13.12,519,10.83,0.826,3575324
Connecticut,2018,Connecticut2018,Male & Female,Colon and Rectum,1610,35.08,482,10.03,0.286,3574561
Connecticut,2018,Connecticut2018,Male & Female,Lung and Bronchus,2655,54.81,1465,29.94,0.546,3574561
Connecticut,2018,Connecticut2018,Male & Female,Pancreas,684,14.37,585,11.90,0.828,3574561
Connecticut,2019,Connecticut2019,Male & Female,Colon and Rectum,1533,32.75,505,10.21,0.312,3566022
Connecticut,2019,Connecticut2019,Male & Female,Lung and Bronchus,2723,55.19,1401,28.29,0.513,3566022
Connecticut,2019,Connecticut2019,Male & Female,Pancreas,647,13.19,513,10.32,0.782,3566022
Connecticut,2020,Connecticut2020,Male & Female,Colon and Rectum,1416,30.68,527,10.64,0.347,3557006
Connecticut,2020,Connecticut2020,Male & Female,Lung and Bronchus,2358,46.81,1421,28.27,0.604,3557006
Connecticut,2020,Connecticut2020,Male & Female,Pancreas,700,14.14,506,10.18,0.720,3557006
Delaware,2010,Delaware2010,Male & Female,Colon and Rectum,445,42.49,151,14.64,0.345,899647
Delaware,2010,Delaware2010,Male & Female,Lung and Bronchus,741,70.60,603,57.81,0.819,899647
Delaware,2010,Delaware2010,Male & Female,Pancreas,125,11.78,114,11.05,0.938,899647
Delaware,2011,Delaware2011,Male & Female,Colon and Rectum,404,38.41,141,13.11,0.341,907590
Delaware,2011,Delaware2011,Male & Female,Lung and Bronchus,820,76.44,558,52.23,0.683,907590
Delaware,2011,Delaware2011,Male & Female,Pancreas,149,13.47,138,12.63,0.937,907590
Delaware,2012,Delaware2012,Male & Female,Colon and Rectum,386,35.44,147,13.36,0.377,915518
Delaware,2012,Delaware2012,Male & Female,Lung and Bronchus,772,69.41,580,52.29,0.753,915518
Delaware,2012,Delaware2012,Male & Female,Pancreas,157,14.15,119,10.76,0.760,915518
Delaware,2013,Delaware2013,Male & Female,Colon and Rectum,395,35.39,151,13.85,0.391,924062
Delaware,2013,Delaware2013,Male & Female,Lung and Bronchus,827,70.88,552,47.69,0.673,924062
Delaware,2013,Delaware2013,Male & Female,Pancreas,177,15.30,129,11.24,0.734,924062
Delaware,2014,Delaware2014,Male & Female,Colon and Rectum,434,37.57,150,13.25,0.353,933131
Delaware,2014,Delaware2014,Male & Female,Lung and Bronchus,818,68.45,549,46.01,0.672,933131
Delaware,2014,Delaware2014,Male & Female,Pancreas,173,14.43,145,12.05,0.835,933131
Delaware,2015,Delaware2015,Male & Female,Colon and Rectum,466,40.26,158,13.13,0.326,942065
Delaware,2015,Delaware2015,Male & Female,Lung and Bronchus,892,72.57,561,46.55,0.641,942065
Delaware,2015,Delaware2015,Male & Female,Pancreas,183,14.97,151,12.51,0.836,942065
Delaware,2016,Delaware2016,Male & Female,Colon and Rectum,482,39.59,164,13.18,0.333,949989
Delaware,2016,Delaware2016,Male & Female,Lung and Bronchus,874,68.01,556,43.98,0.647,949989
Delaware,2016,Delaware2016,Male & Female,Pancreas,167,13.08,154,12.14,0.928,949989
Delaware,2017,Delaware2017,Male & Female,Colon and Rectum,463,38.24,172,13.77,0.360,957942
Delaware,2017,Delaware2017,Male & Female,Lung and Bronchus,788,58.66,550,41.22,0.703,957942
Delaware,2017,Delaware2017,Male & Female,Pancreas,180,13.72,161,12.04,0.878,957942
Delaware,2018,Delaware2018,Male & Female,Colon and Rectum,444,35.27,167,12.96,0.367,966985
Delaware,2018,Delaware2018,Male & Female,Lung and Bronchus,817,58.73,529,38.82,0.661,966985
Delaware,2018,Delaware2018,Male & Female,Pancreas,178,13.04,165,12.33,0.945,966985
Delaware,2019,Delaware2019,Male & Female,Colon and Rectum,435,33.38,163,12.31,0.369,976668
Delaware,2019,Delaware2019,Male & Female,Lung and Bronchus,797,55.24,504,35.49,0.643,976668
Delaware,2019,Delaware2019,Male & Female,Pancreas,230,16.90,166,11.91,0.705,976668
Delaware,2020,Delaware2020,Male & Female,Colon and Rectum,368,27.55,171,12.34,0.448,986809
Delaware,2020,Delaware2020,Male & Female,Lung and Bronchus,687,46.08,507,34.46,0.748,986809
Delaware,2020,Delaware2020,Male & Female,Pancreas,185,12.61,193,13.23,1.050,986809
District of Columbia,2010,District of Columbia2010,Male & Female,Colon and Rectum,272,45.95,114,19.09,0.415,605282
District of Columbia,2010,District of Columbia2010,Male & Female,Lung and Bronchus,349,59.82,226,38.57,0.645,605282
District of Columbia,2010,District of Columbia2010,Male & Female,Pancreas,75,13.36,84,15.01,1.123,605282
District of Columbia,2011,District of Columbia2011,Male & Female,Colon and Rectum,259,43.25,116,19.26,0.445,620290
District of Columbia,2011,District of Columbia2011,Male & Female,Lung and Bronchus,332,56.12,236,40.34,0.719,620290
District of Columbia,2011,District of Columbia2011,Male & Female,Pancreas,95,15.75,76,13.11,0.833,620290
District of Columbia,2012,District of Columbia2012,Male & Female,Colon and Rectum,246,40.16,77,12.22,0.304,635737
District of Columbia,2012,District of Columbia2012,Male & Female,Lung and Bronchus,380,61.29,241,39.66,0.647,635737
District of Columbia,2012,District of Columbia2012,Male & Female,Pancreas,101,15.85,79,13.23,0.834,635737
District of Columbia,2013,District of Columbia2013,Male & Female,Colon and Rectum,250,40.77,86,13.97,0.342,651559
District of Columbia,2013,District of Columbia2013,Male & Female,Lung and Bronchus,335,53.73,259,42.03,0.782,651559
District of Columbia,2013,District of Columbia2013,Male & Female,Pancreas,99,16.31,77,12.18,0.747,651559
District of Columbia,2014,District of Columbia2014,Male & Female,Colon and Rectum,295,46.15,115,18.20,0.394,663603
District of Columbia,2014,District of Columbia2014,Male & Female,Lung and Bronchus,325,50.68,244,38.54,0.761,663603
District of Columbia,2014,District of Columbia2014,Male & Female,Pancreas,102,16.07,89,14.30,0.890,663603
District of Columbia,2015,District of Columbia2015,Male & Female,Colon and Rectum,216,32.51,110,16.11,0.496,677014
District of Columbia,2015,District of Columbia2015,Male & Female,Lung and Bronchus,312,46.73,204,30.96,0.663,677014
District of Columbia,2015,District of Columbia2015,Male & Female,Pancreas,120,18.07,91,13.42,0.743,677014
District of Columbia,2016,District of Columbia2016,Male & Female,Colon and Rectum,233,35.29,102,15.72,0.445,687576
District of Columbia,2016,District of Columbia2016,Male & Female,Lung and Bronchus,275,41.29,186,27.61,0.669,687576
District of Columbia,2016,District of Columbia2016,Male & Female,Pancreas,90,13.36,89,13.54,1.013,687576
District of Columbia,2017,District of Columbia2017,Male & Female,Colon and Rectum,245,36.61,93,13.46,0.367,697079
District of Columbia,2017,District of Columbia2017,Male & Female,Lung and Bronchus,296,42.76,202,30.26,0.708,697079
District of Columbia,2017,District of Columbia2017,Male & Female,Pancreas,104,15.55,76,11.10,0.714,697079
District of Columbia,2018,District of Columbia2018,Male & Female,Colon and Rectum,256,38.14,86,12.39,0.325,704147
District of Columbia,2018,District of Columbia2018,Male & Female,Lung and Bronchus,308,44.79,169,24.58,0.549,704147
District of Columbia,2018,District of Columbia2018,Male & Female,Pancreas,114,16.66,110,15.81,0.949,704147
District of Columbia,2019,District of Columbia2019,Male & Female,Colon and Rectum,243,34.96,97,14.16,0.405,708253
District of Columbia,2019,District of Columbia2019,Male & Female,Lung and Bronchus,326,46.62,191,27.75,0.595,708253
District of Columbia,2019,District of Columbia2019,Male & Female,Pancreas,108,15.36,94,13.47,0.877,708253
District of Columbia,2020,District of Columbia2020,Male & Female,Colon and Rectum,204,29.54,99,13.83,0.468,712816
District of Columbia,2020,District of Columbia2020,Male & Female,Lung and Bronchus,271,38.26,173,24.35,0.636,712816
District of Columbia,2020,District of Columbia2020,Male & Female,Pancreas,98,13.58,77,10.95,0.806,712816
Florida,2010,Florida2010,Male & Female,Colon and Rectum,9658,39.08,3592,14.12,0.361,18846143
Florida,2010,Florida2010,Male & Female,Lung and Bronchus,16831,66.45,12009,47.02,0.708,18846143
Florida,2010,Florida2010,Male & Female,Pancreas,2978,11.77,2695,10.51,0.893,18846143
Florida,2011,Florida2011,Male & Female,Colon and Rectum,10219,40.50,3654,14.11,0.348,19055607
Florida,2011,Florida2011,Male & Female,Lung and Bronchus,16591,63.73,11818,45.07,0.707,19055607
Florida,2011,Florida2011,Male & Female,Pancreas,3130,12.07,2716,10.30,0.854,19055607
Florida,2012,Florida2012,Male & Female,Colon and Rectum,9784,37.93,3648,13.68,0.361,19302016
Florida,2012,Florida2012,Male & Female,Lung and Bronchus,17125,63.93,11981,44.38,0.694,19302016
Florida,2012,Florida2012,Male & Female,Pancreas,3279,12.29,2865,10.56,0.860,19302016
Florida,2013,Florida2013,Male & Female,Colon and Rectum,10185,38.52,3698,13.50,0.351,19551678
Florida,2013,Florida2013,Male & Female,Lung and Bronchus,16951,61.49,11915,42.75,0.695,19551678
Florida,2013,Florida2013,Male & Female,Pancreas,3335,12.20,2803,10.03,0.822,19551678
Florida,2014,Florida2014,Male & Female,Colon and Rectum,10368,38.28,3692,13.11,0.342,19853880
Florida,2014,Florida2014,Male & Female,Lung and Bronchus,17170,60.31,11756,40.95,0.679,19853880
Florida,2014,Florida2014,Male & Female,Pancreas,3593,12.77,2976,10.33,0.809,19853880
Florida,2015,Florida2015,Male & Female,Colon and Rectum,10452,37.76,3699,12.84,0.340,20219111
Florida,2015,Florida2015,Male & Female,Lung and Bronchus,17170,58.36,11931,40.27,0.690,20219111
Florida,2015,Florida2015,Male & Female,Pancreas,3759,12.98,3125,10.52,0.810,20219111
Florida,2016,Florida2016,Male & Female,Colon and Rectum,10624,37.38,3892,13.05,0.349,20627237
Florida,2016,Florida2016,Male & Female,Lung and Bronchus,17599,57.78,11217,36.44,0.631,20627237
Florida,2016,Florida2016,Male & Female,Pancreas,3817,12.78,3296,10.85,0.849,20627237
Florida,2017,Florida2017,Male & Female,Colon and Rectum,10411,35.76,3966,12.93,0.361,20977089
Florida,2017,Florida2017,Male & Female,Lung and Bronchus,17838,56.62,11403,35.89,0.634,20977089
Florida,2017,Florida2017,Male & Female,Pancreas,3994,12.95,3289,10.41,0.804,20977089
Florida,2018,Florida2018,Male & Female,Colon and Rectum,10574,35.38,3976,12.64,0.357,21254926
Florida,2018,Florida2018,Male & Female,Lung and Bronchus,18191,55.91,11288,34.37,0.615,21254926
Florida,2018,Florida2018,Male & Female,Pancreas,4065,12.75,3390,10.38,0.814,21254926
Florida,2019,Florida2019,Male & Female,Colon and Rectum,10836,35.60,3826,11.98,0.336,21492056
Florida,2019,Florida2019,Male & Female,Lung and Bronchus,18110,53.93,10933,32.25,0.598,21492056
Florida,2019,Florida2019,Male & Female,Pancreas,4398,13.31,3490,10.41,0.783,21492056
Florida,2020,Florida2020,Male & Female,Colon and Rectum,9865,31.96,3800,11.59,0.363,21733312
Florida,2020,Florida2020,Male & Female,Lung and Bronchus,16645,48.32,10799,31.07,0.643,21733312
Florida,2020,Florida2020,Male & Female,Pancreas,4320,12.86,3520,10.21,0.794,21733312
Georgia,2010,Georgia2010,Male & Female,Colon and Rectum,3824,41.16,1452,16.23,0.394,9712209
Georgia,2010,Georgia2010,Male & Female,Lung and Bronchus,6084,66.71,4418,49.22,0.738,9712209
Georgia,2010,Georgia2010,Male & Female,Pancreas,1071,11.90,939,10.71,0.900,9712209
Georgia,2011,Georgia2011,Male & Female,Colon and Rectum,3993,42.18,1460,15.95,0.378,9803630
Georgia,2011,Georgia2011,Male & Female,Lung and Bronchus,6299,67.55,4472,48.64,0.720,9803630
Georgia,2011,Georgia2011,Male & Female,Pancreas,1122,12.07,899,9.80,0.812,9803630
Georgia,2012,Georgia2012,Male & Female,Colon and Rectum,4165,42.38,1402,14.89,0.351,9903580
Georgia,2012,Georgia2012,Male & Female,Lung and Bronchus,6669,68.28,4640,48.96,0.717,9903580
Georgia,2012,Georgia2012,Male & Female,Pancreas,1273,13.27,1014,10.72,0.808,9903580
Georgia,2013,Georgia2013,Male & Female,Colon and Rectum,4213,41.57,1452,14.85,0.357,9975592
Georgia,2013,Georgia2013,Male & Female,Lung and Bronchus,6528,65.29,4594,46.45,0.711,9975592
Georgia,2013,Georgia2013,Male & Female,Pancreas,1312,13.17,1004,10.41,0.790,9975592
Georgia,2014,Georgia2014,Male & Female,Colon and Rectum,4387,42.24,1530,15.51,0.367,10071204
Georgia,2014,Georgia2014,Male & Female,Lung and Bronchus,6705,64.71,4616,45.47,0.703,10071204
Georgia,2014,Georgia2014,Male & Female,Pancreas,1360,13.31,1103,10.84,0.814,10071204
Georgia,2015,Georgia2015,Male & Female,Colon and Rectum,4536,42.31,1606,15.58,0.368,10183353
Georgia,2015,Georgia2015,Male & Female,Lung and Bronchus,6705,62.46,4448,42.23,0.676,10183353
Georgia,2015,Georgia2015,Male & Female,Pancreas,1403,13.24,1143,10.96,0.828,10183353
Georgia,2016,Georgia2016,Male & Female,Colon and Rectum,4629,42.12,1586,14.87,0.353,10308442
Georgia,2016,Georgia2016,Male & Female,Lung and Bronchus,6952,62.82,4400,40.67,0.647,10308442
Georgia,2016,Georgia2016,Male & Female,Pancreas,1442,13.24,1152,10.62,0.802,10308442
Georgia,2017,Georgia2017,Male & Female,Colon and Rectum,4457,39.37,1610,14.59,0.371,10417031
Georgia,2017,Georgia2017,Male & Female,Lung and Bronchus,7066,61.17,4392,38.97,0.637,10417031
Georgia,2017,Georgia2017,Male & Female,Pancreas,1453,12.86,1156,10.40,0.809,10417031
Georgia,2018,Georgia2018,Male & Female,Colon and Rectum,4596,39.85,1591,14.06,0.353,10519389
Georgia,2018,Georgia2018,Male & Female,Lung and Bronchus,6881,57.92,4405,37.74,0.652,10519389
Georgia,2018,Georgia2018,Male & Female,Pancreas,1576,13.62,1301,11.38,0.836,10519389
Georgia,2019,Georgia2019,Male & Female,Colon and Rectum,4711,39.55,1574,13.49,0.341,10628020
Georgia,2019,Georgia2019,Male & Female,Lung and Bronchus,7026,57.02,4313,36.02,0.632,10628020
Georgia,2019,Georgia2019,Male & Female,Pancreas,1615,13.42,1319,11.09,0.826,10628020
Georgia,2020,Georgia2020,Male & Female,Colon and Rectum,4336,35.91,1606,13.42,0.374,10710017
Georgia,2020,Georgia2020,Male & Female,Lung and Bronchus,6498,51.40,4154,33.40,0.650,10710017
Georgia,2020,Georgia2020,Male & Female,Pancreas,1717,13.89,1365,11.11,0.800,10710017
Hawaii,2010,Hawaii2010,Male & Female,Colon and Rectum,739,46.17,210,12.93,0.280,1364004
Hawaii,2010,Hawaii2010,Male & Female,Lung and Bronchus,732,45.47,548,34.08,0.750,1364004
Hawaii,2010,Hawaii2010,Male & Female,Pancreas,232,14.27,175,10.81,0.758,1364004
Hawaii,2011,Hawaii2011,Male & Female,Colon and Rectum,738,45.06,235,14.10,0.313,1379562
Hawaii,2011,Hawaii2011,Male & Female,Lung and Bronchus,764,47.00,543,33.04,0.703,1379562
Hawaii,2011,Hawaii2011,Male & Female,Pancreas,215,12.92,190,11.25,0.871,1379562
Hawaii,2012,Hawaii2012,Male & Female,Colon and Rectum,700,41.89,231,13.70,0.327,1395199
Hawaii,2012,Hawaii2012,Male & Female,Lung and Bronchus,781,45.68,495,29.00,0.635,1395199
Hawaii,2012,Hawaii2012,Male & Female,Pancreas,249,14.39,201,11.75,0.817,1395199
Hawaii,2013,Hawaii2013,Male & Female,Colon and Rectum,720,42.30,245,14.08,0.333,1408822
Hawaii,2013,Hawaii2013,Male & Female,Lung and Bronchus,870,50.41,556,32.05,0.636,1408822
Hawaii,2013,Hawaii2013,Male & Female,Pancreas,241,13.66,179,10.01,0.733,1408822
Hawaii,2014,Hawaii2014,Male & Female,Colon and Rectum,725,41.68,246,13.67,0.328,1415335
Hawaii,2014,Hawaii2014,Male & Female,Lung and Bronchus,788,44.37,565,31.57,0.711,1415335
Hawaii,2014,Hawaii2014,Male & Female,Pancreas,223,12.44,203,11.11,0.892,1415335
Hawaii,2015,Hawaii2015,Male & Female,Colon and Rectum,719,41.56,190,10.49,0.252,1422999
Hawaii,2015,Hawaii2015,Male & Female,Lung and Bronchus,830,44.70,589,31.63,0.708,1422999
Hawaii,2015,Hawaii2015,Male & Female,Pancreas,251,13.78,219,11.50,0.834,1422999
Hawaii,2016,Hawaii2016,Male & Female,Colon and Rectum,732,41.46,232,12.33,0.297,1428885
Hawaii,2016,Hawaii2016,Male & Female,Lung and Bronchus,835,45.31,543,28.98,0.640,1428885
Hawaii,2016,Hawaii2016,Male & Female,Pancreas,258,13.84,195,10.45,0.755,1428885
Hawaii,2017,Hawaii2017,Male & Female,Colon and Rectum,712,39.96,224,11.64,0.291,1425763
Hawaii,2017,Hawaii2017,Male & Female,Lung and Bronchus,877,45.51,545,28.31,0.622,1425763
Hawaii,2017,Hawaii2017,Male & Female,Pancreas,280,15.15,225,11.82,0.780,1425763
Hawaii,2018,Hawaii2018,Male & Female,Colon and Rectum,676,37.07,210,10.82,0.292,1423102
Hawaii,2018,Hawaii2018,Male & Female,Lung and Bronchus,826,41.65,517,25.91,0.622,1423102
Hawaii,2018,Hawaii2018,Male & Female,Pancreas,247,12.87,193,9.85,0.766,1423102
Hawaii,2019,Hawaii2019,Male & Female,Colon and Rectum,716,38.93,248,12.75,0.328,1415615
Hawaii,2019,Hawaii2019,Male & Female,Lung and Bronchus,828,41.80,543,26.78,0.641,1415615
Hawaii,2019,Hawaii2019,Male & Female,Pancreas,255,12.74,210,10.63,0.835,1415615
Hawaii,2020,Hawaii2020,Male & Female,Colon and Rectum,660,36.79,229,11.39,0.310,1407006
Hawaii,2020,Hawaii2020,Male & Female,Lung and Bronchus,711,34.79,486,23.09,0.664,1407006
Hawaii,2020,Hawaii2020,Male & Female,Pancreas,261,12.77,226,11.05,0.865,1407006
Idaho,2010,Idaho2010,Male & Female,Colon and Rectum,572,35.54,212,13.28,0.374,1570819
Idaho,2010,Idaho2010,Male & Female,Lung and Bronchus,838,52.31,612,38.62,0.738,1570819
Idaho,2010,Idaho2010,Male & Female,Pancreas,206,12.94,182,11.38,0.879,1570819
Idaho,2011,Idaho2011,Male & Female,Colon and Rectum,643,39.25,220,13.73,0.350,1584272
Idaho,2011,Idaho2011,Male & Female,Lung and Bronchus,861,52.46,619,37.73,0.719,1584272
Idaho,2011,Idaho2011,Male & Female,Pancreas,195,11.75,160,9.81,0.834,1584272
Idaho,2012,Idaho2012,Male & Female,Colon and Rectum,603,35.99,234,13.97,0.388,1595910
Idaho,2012,Idaho2012,Male & Female,Lung and Bronchus,901,52.86,620,36.59,0.692,1595910
Idaho,2012,Idaho2012,Male & Female,Pancreas,224,12.91,191,11.05,0.856,1595910
Idaho,2013,Idaho2013,Male & Female,Colon and Rectum,616,35.90,232,13.24,0.369,1612053
Idaho,2013,Idaho2013,Male & Female,Lung and Bronchus,854,48.93,628,36.40,0.744,1612053
Idaho,2013,Idaho2013,Male & Female,Pancreas,247,13.84,212,12.18,0.880,1612053
Idaho,2014,Idaho2014,Male & Female,Colon and Rectum,653,36.29,231,12.85,0.354,1632248
Idaho,2014,Idaho2014,Male & Female,Lung and Bronchus,950,51.78,659,36.48,0.704,1632248
Idaho,2014,Idaho2014,Male & Female,Pancreas,235,12.86,205,11.39,0.885,1632248
Idaho,2015,Idaho2015,Male & Female,Colon and Rectum,660,36.15,223,12.42,0.343,1652495
Idaho,2015,Idaho2015,Male & Female,Lung and Bronchus,963,51.70,649,34.66,0.670,1652495
Idaho,2015,Idaho2015,Male & Female,Pancreas,273,14.63,212,11.25,0.769,1652495
Idaho,2016,Idaho2016,Male & Female,Colon and Rectum,664,35.20,244,13.22,0.376,1684036
Idaho,2016,Idaho2016,Male & Female,Lung and Bronchus,950,49.28,579,30.90,0.627,1684036
Idaho,2016,Idaho2016,Male & Female,Pancreas,254,13.22,203,10.56,0.799,1684036
Idaho,2017,Idaho2017,Male & Female,Colon and Rectum,661,34.10,257,13.17,0.386,1719745
Idaho,2017,Idaho2017,Male & Female,Lung and Bronchus,1010,49.53,607,30.17,0.609,1719745
Idaho,2017,Idaho2017,Male & Female,Pancreas,304,15.42,244,12.32,0.799,1719745
Idaho,2018,Idaho2018,Male & Female,Colon and Rectum,720,36.73,272,13.41,0.365,1752074
Idaho,2018,Idaho2018,Male & Female,Lung and Bronchus,980,46.51,633,30.57,0.657,1752074
Idaho,2018,Idaho2018,Male & Female,Pancreas,245,11.80,213,10.29,0.872,1752074
Idaho,2019,Idaho2019,Male & Female,Colon and Rectum,729,35.00,252,12.33,0.352,1789060
Idaho,2019,Idaho2019,Male & Female,Lung and Bronchus,1016,45.79,572,26.34,0.575,1789060
Idaho,2019,Idaho2019,Male & Female,Pancreas,295,13.47,225,10.21,0.758,1789060
Idaho,2020,Idaho2020,Male & Female,Colon and Rectum,677,32.28,234,11.08,0.343,1826913
Idaho,2020,Idaho2020,Male & Female,Lung and Bronchus,931,39.84,588,25.75,0.646,1826913
Idaho,2020,Idaho2020,Male & Female,Pancreas,325,14.58,251,11.09,0.760,1826913
Illinois,2010,Illinois2010,Male & Female,Colon and Rectum,6366,46.83,2298,16.79,0.359,12840545
Illinois,2010,Illinois2010,Male & Female,Lung and Bronchus,9301,69.30,6671,49.86,0.719,12840545
Illinois,2010,Illinois2010,Male & Female,Pancreas,1781,13.18,1544,11.42,0.866,12840545
Illinois,2011,Illinois2011,Male & Female,Colon and Rectum,6447,46.73,2178,15.72,0.336,12867783
Illinois,2011,Illinois2011,Male & Female,Lung and Bronchus,9389,68.48,6616,48.49,0.708,12867783
Illinois,2011,Illinois2011,Male & Female,Pancreas,1799,13.06,1560,11.39,0.872,12867783
Illinois,2012,Illinois2012,Male & Female,Colon and Rectum,6185,43.96,2216,15.74,0.358,12883029
Illinois,2012,Illinois2012,Male & Female,Lung and Bronchus,9366,67.05,6678,47.76,0.712,12883029
Illinois,2012,Illinois2012,Male & Female,Pancreas,1846,13.02,1541,10.89,0.837,12883029
Illinois,2013,Illinois2013,Male & Female,Colon and Rectum,6226,43.44,2265,15.70,0.361,12895778
Illinois,2013,Illinois2013,Male & Female,Lung and Bronchus,9204,64.25,6532,45.81,0.713,12895778
Illinois,2013,Illinois2013,Male & Female,Pancreas,1903,13.14,1566,10.89,0.829,12895778
Illinois,2014,Illinois2014,Male & Female,Colon and Rectum,6217,42.69,2161,14.89,0.349,12885092
Illinois,2014,Illinois2014,Male & Female,Lung and Bronchus,9694,66.45,6650,45.77,0.689,12885092
Illinois,2014,Illinois2014,Male & Female,Pancreas,1947,13.22,1595,10.83,0.819,12885092
Illinois,2015,Illinois2015,Male & Female,Colon and Rectum,6288,42.88,2342,15.80,0.368,12859585
Illinois,2015,Illinois2015,Male & Female,Lung and Bronchus,9594,64.47,6406,43.14,0.669,12859585
Illinois,2015,Illinois2015,Male & Female,Pancreas,2057,13.87,1643,11.03,0.795,12859585
Illinois,2016,Illinois2016,Male & Female,Colon and Rectum,6476,43.77,2176,14.27,0.326,12821709
Illinois,2016,Illinois2016,Male & Female,Lung and Bronchus,9512,63.18,6242,41.58,0.658,12821709
Illinois,2016,Illinois2016,Male & Female,Pancreas,2036,13.53,1737,11.53,0.852,12821709
Illinois,2017,Illinois2017,Male & Female,Colon and Rectum,6143,40.93,2223,14.65,0.358,12779893
Illinois,2017,Illinois2017,Male & Female,Lung and Bronchus,9616,62.51,6009,39.14,0.626,12779893
Illinois,2017,Illinois2017,Male & Female,Pancreas,2244,14.56,1734,11.29,0.775,12779893
Illinois,2018,Illinois2018,Male & Female,Colon and Rectum,6233,41.25,2177,14.07,0.341,12724685
Illinois,2018,Illinois2018,Male & Female,Lung and Bronchus,9589,60.88,5735,36.62,0.602,12724685
Illinois,2018,Illinois2018,Male & Female,Pancreas,2272,14.59,1880,11.97,0.821,12724685
Illinois,2019,Illinois2019,Male & Female,Colon and Rectum,5992,39.11,2141,13.66,0.349,12667017
Illinois,2019,Illinois2019,Male & Female,Lung and Bronchus,9337,58.09,5703,35.84,0.617,12667017
Illinois,2019,Illinois2019,Male & Female,Pancreas,2296,14.51,1823,11.47,0.791,12667017
Illinois,2020,Illinois2020,Male & Female,Colon and Rectum,5292,34.49,2071,13.27,0.385,12587530
Illinois,2020,Illinois2020,Male & Female,Lung and Bronchus,8539,52.36,5510,33.88,0.647,12587530
Illinois,2020,Illinois2020,Male & Female,Pancreas,2117,13.15,1943,11.99,0.911,12587530
Indiana,2010,Indiana2010,Male & Female,Colon and Rectum,3152,45.33,1118,15.75,0.348,6490555
Indiana,2010,Indiana2010,Male & Female,Lung and Bronchus,5313,75.78,4096,58.47,0.772,6490555
Indiana,2010,Indiana2010,Male & Female,Pancreas,876,12.39,780,11.12,0.897,6490555
Indiana,2011,Indiana2011,Male & Female,Colon and Rectum,3191,44.81,1210,17.08,0.381,6517250
Indiana,2011,Indiana2011,Male & Female,Lung and Bronchus,5425,75.92,3883,54.51,0.718,6517250
Indiana,2011,Indiana2011,Male & Female,Pancreas,881,12.20,785,10.91,0.895,6517250
Indiana,2012,Indiana2012,Male & Female,Colon and Rectum,3158,43.54,1177,16.19,0.372,6538989
Indiana,2012,Indiana2012,Male & Female,Lung and Bronchus,5348,73.33,3975,54.90,0.749,6538989
Indiana,2012,Indiana2012,Male & Female,Pancreas,980,13.24,789,10.80,0.815,6538989
Indiana,2013,Indiana2013,Male & Female,Colon and Rectum,3213,43.98,1135,15.28,0.348,6570575
Indiana,2013,Indiana2013,Male & Female,Lung and Bronchus,5571,74.87,4025,54.39,0.726,6570575
Indiana,2013,Indiana2013,Male & Female,Pancreas,999,13.35,850,11.38,0.853,6570575
Indiana,2014,Indiana2014,Male & Female,Colon and Rectum,3236,43.12,1178,15.81,0.367,6596019
Indiana,2014,Indiana2014,Male & Female,Lung and Bronchus,5551,72.78,4048,53.44,0.734,6596019
Indiana,2014,Indiana2014,Male & Female,Pancreas,974,12.93,874,11.53,0.891,6596019
Indiana,2015,Indiana2015,Male & Female,Colon and Rectum,3275,43.45,1184,15.30,0.352,6611442
Indiana,2015,Indiana2015,Male & Female,Lung and Bronchus,5868,75.72,3863,50.20,0.663,6611442
Indiana,2015,Indiana2015,Male & Female,Pancreas,1065,13.70,863,11.11,0.811,6611442
Indiana,2016,Indiana2016,Male & Female,Colon and Rectum,3334,43.15,1132,14.57,0.338,6637898
Indiana,2016,Indiana2016,Male & Female,Lung and Bronchus,5827,73.69,3861,49.21,0.668,6637898
Indiana,2016,Indiana2016,Male & Female,Pancreas,1094,13.94,931,11.88,0.852,6637898
Indiana,2017,Indiana2017,Male & Female,Colon and Rectum,3290,42.43,1222,15.64,0.369,6662068
Indiana,2017,Indiana2017,Male & Female,Lung and Bronchus,5826,71.82,3792,47.40,0.660,6662068
Indiana,2017,Indiana2017,Male & Female,Pancreas,1155,14.50,955,12.08,0.833,6662068
Indiana,2018,Indiana2018,Male & Female,Colon and Rectum,3220,40.79,1137,14.20,0.348,6698481
Indiana,2018,Indiana2018,Male & Female,Lung and Bronchus,5556,66.53,3652,44.02,0.662,6698481
Indiana,2018,Indiana2018,Male & Female,Pancreas,1118,13.50,953,11.58,0.858,6698481
Indiana,2019,Indiana2019,Male & Female,Colon and Rectum,3100,38.93,1199,14.78,0.380,6731010
Indiana,2019,Indiana2019,Male & Female,Lung and Bronchus,5596,65.69,3624,42.91,0.653,6731010
Indiana,2019,Indiana2019,Male & Female,Pancreas,1111,13.15,999,11.81,0.898,6731010
Indiana,2020,Indiana2020,Male & Female,Colon and Rectum,,,,,,
Indiana,2020,Indiana2020,Male & Female,Lung and Bronchus,,,,,,
Indiana,2020,Indiana2020,Male & Female,Pancreas,,,,,,
Iowa,2010,Iowa2010,Male & Female,Colon and Rectum,1704,46.65,662,17.49,0.375,3050819
Iowa,2010,Iowa2010,Male & Female,Lung and Bronchus,2404,66.32,1741,47.49,0.716,3050819
Iowa,2010,Iowa2010,Male & Female,Pancreas,465,12.54,420,11.15,0.889,3050819
Iowa,2011,Iowa2011,Male & Female,Colon and Rectum,1697,45.99,662,17.31,0.376,3066772
Iowa,2011,Iowa2011,Male & Female,Lung and Bronchus,2367,63.92,1730,46.71,0.731,3066772
Iowa,2011,Iowa2011,Male & Female,Pancreas,447,11.97,397,10.61,0.886,3066772
Iowa,2012,Iowa2012,Male & Female,Colon and Rectum,1651,44.81,594,15.64,0.349,3076844
Iowa,2012,Iowa2012,Male & Female,Lung and Bronchus,2372,63.37,1749,46.31,0.731,3076844
Iowa,2012,Iowa2012,Male & Female,Pancreas,486,12.59,425,10.82,0.859,3076844
Iowa,2013,Iowa2013,Male & Female,Colon and Rectum,1629,43.58,606,15.51,0.356,3093935
Iowa,2013,Iowa2013,Male & Female,Lung and Bronchus,2430,63.69,1802,46.93,0.737,3093935
Iowa,2013,Iowa2013,Male & Female,Pancreas,505,13.09,410,10.53,0.805,3093935
Iowa,2014,Iowa2014,Male & Female,Colon and Rectum,1768,46.91,611,15.56,0.332,3110643
Iowa,2014,Iowa2014,Male & Female,Lung and Bronchus,2518,65.33,1675,42.98,0.658,3110643
Iowa,2014,Iowa2014,Male & Female,Pancreas,555,14.29,444,11.25,0.787,3110643
Iowa,2015,Iowa2015,Male & Female,Colon and Rectum,1700,44.44,569,14.44,0.325,3122541
Iowa,2015,Iowa2015,Male & Female,Lung and Bronchus,2554,65.02,1790,45.26,0.696,3122541
Iowa,2015,Iowa2015,Male & Female,Pancreas,519,13.18,436,11.09,0.841,3122541
Iowa,2016,Iowa2016,Male & Female,Colon and Rectum,1655,43.62,569,14.13,0.324,3133210
Iowa,2016,Iowa2016,Male & Female,Lung and Bronchus,2432,60.73,1668,41.62,0.685,3133210
Iowa,2016,Iowa2016,Male & Female,Pancreas,549,13.78,472,11.80,0.856,3133210
Iowa,2017,Iowa2017,Male & Female,Colon and Rectum,1615,41.91,555,13.47,0.322,3143734
Iowa,2017,Iowa2017,Male & Female,Lung and Bronchus,2608,64.20,1620,39.52,0.616,3143734
Iowa,2017,Iowa2017,Male & Female,Pancreas,559,13.71,462,11.25,0.820,3143734
Iowa,2018,Iowa2018,Male & Female,Colon and Rectum,1588,40.90,597,14.44,0.353,3149900
Iowa,2018,Iowa2018,Male & Female,Lung and Bronchus,2542,61.35,1572,37.84,0.617,3149900
Iowa,2018,Iowa2018,Male & Female,Pancreas,584,14.20,456,10.88,0.766,3149900
Iowa,2019,Iowa2019,Male & Female,Colon and Rectum,1621,41.58,552,13.21,0.318,3159596
Iowa,2019,Iowa2019,Male & Female,Lung and Bronchus,2623,61.99,1532,35.95,0.580,3159596
Iowa,2019,Iowa2019,Male & Female,Pancreas,567,13.67,477,11.35,0.830,3159596
Iowa,2020,Iowa2020,Male & Female,Colon and Rectum,1412,35.66,547,12.99,0.364,3163561
Iowa,2020,Iowa2020,Male & Female,Lung and Bronchus,2384,55.53,1499,34.81,0.627,3163561
Iowa,2020,Iowa2020,Male & Female,Pancreas,519,12.36,439,10.15,0.821,3163561
Kansas,2010,Kansas2010,Male & Female,Colon and Rectum,1354,43.57,495,15.61,0.358,2858266
Kansas,2010,Kansas2010,Male & Female,Lung and Bronchus,1865,60.18,1502,47.95,0.797,2858266
Kansas,2010,Kansas2010,Male & Female,Pancreas,306,9.88,346,11.17,1.131,2858266
Kansas,2011,Kansas2011,Male & Female,Colon and Rectum,1274,40.93,512,15.91,0.389,2869677
Kansas,2011,Kansas2011,Male & Female,Lung and Bronchus,1920,60.94,1508,47.37,0.777,2869677
Kansas,2011,Kansas2011,Male & Female,Pancreas,334,10.62,358,11.33,1.067,2869677
Kansas,2012,Kansas2012,Male & Female,Colon and Rectum,1343,42.05,467,14.41,0.343,2886024
Kansas,2012,Kansas2012,Male & Female,Lung and Bronchus,1878,58.20,1502,46.44,0.798,2886024
Kansas,2012,Kansas2012,Male & Female,Pancreas,341,10.64,374,11.49,1.079,2886024
Kansas,2013,Kansas2013,Male & Female,Colon and Rectum,1265,39.09,506,15.31,0.392,2894306
Kansas,2013,Kansas2013,Male & Female,Lung and Bronchus,1996,61.22,1446,44.27,0.723,2894306
Kansas,2013,Kansas2013,Male & Female,Pancreas,351,10.67,364,11.12,1.042,2894306
Kansas,2014,Kansas2014,Male & Female,Colon and Rectum,1329,41.00,504,15.14,0.369,2901861
Kansas,2014,Kansas2014,Male & Female,Lung and Bronchus,1941,58.74,1578,47.36,0.806,2901861
Kansas,2014,Kansas2014,Male & Female,Pancreas,395,12.01,381,11.52,0.959,2901861
Kansas,2015,Kansas2015,Male & Female,Colon and Rectum,1297,39.26,494,14.56,0.371,2910717
Kansas,2015,Kansas2015,Male & Female,Lung and Bronchus,1979,58.62,1512,44.49,0.759,2910717
Kansas,2015,Kansas2015,Male & Female,Pancreas,398,11.96,405,11.87,0.993,2910717
Kansas,2016,Kansas2016,Male & Female,Colon and Rectum,1301,39.42,492,14.39,0.365,2912977
Kansas,2016,Kansas2016,Male & Female,Lung and Bronchus,1874,54.21,1364,39.22,0.723,2912977
Kansas,2016,Kansas2016,Male & Female,Pancreas,391,11.42,387,11.10,0.972,2912977
Kansas,2017,Kansas2017,Male & Female,Colon and Rectum,1338,39.96,508,14.64,0.366,2910892
Kansas,2017,Kansas2017,Male & Female,Lung and Bronchus,1907,54.17,1390,39.40,0.727,2910892
Kansas,2017,Kansas2017,Male & Female,Pancreas,407,11.63,372,10.42,0.896,2910892
Kansas,2018,Kansas2018,Male & Female,Colon and Rectum,1354,40.34,514,14.68,0.364,2912748
Kansas,2018,Kansas2018,Male & Female,Lung and Bronchus,1933,53.52,1384,38.26,0.715,2912748
Kansas,2018,Kansas2018,Male & Female,Pancreas,424,11.59,399,11.09,0.957,2912748
Kansas,2019,Kansas2019,Male & Female,Colon and Rectum,1400,40.98,449,12.59,0.307,2912635
Kansas,2019,Kansas2019,Male & Female,Lung and Bronchus,1991,54.01,1409,38.30,0.709,2912635
Kansas,2019,Kansas2019,Male & Female,Pancreas,455,12.68,417,11.25,0.887,2912635
Kansas,2020,Kansas2020,Male & Female,Colon and Rectum,1219,35.23,531,14.61,0.415,2913805
Kansas,2020,Kansas2020,Male & Female,Lung and Bronchus,1757,46.99,1319,35.42,0.754,2913805
Kansas,2020,Kansas2020,Male & Female,Pancreas,424,11.60,416,11.23,0.968,2913805
Kentucky,2010,Kentucky2010,Male & Female,Colon and Rectum,2469,51.38,828,17.46,0.340,4348464
Kentucky,2010,Kentucky2010,Male & Female,Lung and Bronchus,4914,100.76,3570,73.86,0.733,4348464
Kentucky,2010,Kentucky2010,Male & Female,Pancreas,613,12.61,561,11.56,0.917,4348464
Kentucky,2011,Kentucky2011,Male & Female,Colon and Rectum,2450,50.06,857,17.92,0.358,4370817
Kentucky,2011,Kentucky2011,Male & Female,Lung and Bronchus,4754,95.52,3389,69.06,0.723,4370817
Kentucky,2011,Kentucky2011,Male & Female,Pancreas,635,13.04,553,11.32,0.868,4370817
Kentucky,2012,Kentucky2012,Male & Female,Colon and Rectum,2510,50.27,832,16.71,0.332,4387865
Kentucky,2012,Kentucky2012,Male & Female,Lung and Bronchus,4814,94.37,3479,68.81,0.729,4387865
Kentucky,2012,Kentucky2012,Male & Female,Pancreas,618,12.24,543,10.87,0.888,4387865
Kentucky,2013,Kentucky2013,Male & Female,Colon and Rectum,2512,49.63,849,16.83,0.339,4406906
Kentucky,2013,Kentucky2013,Male & Female,Lung and Bronchus,4935,95.28,3559,69.54,0.730,4406906
Kentucky,2013,Kentucky2013,Male & Female,Pancreas,702,13.77,579,11.40,0.828,4406906
Kentucky,2014,Kentucky2014,Male & Female,Colon and Rectum,2572,49.88,872,16.97,0.340,4416992
Kentucky,2014,Kentucky2014,Male & Female,Lung and Bronchus,4977,93.56,3530,67.07,0.717,4416992
Kentucky,2014,Kentucky2014,Male & Female,Pancreas,721,13.83,588,11.29,0.817,4416992
Kentucky,2015,Kentucky2015,Male & Female,Colon and Rectum,2575,49.52,859,16.52,0.334,4429126
Kentucky,2015,Kentucky2015,Male & Female,Lung and Bronchus,4960,91.73,3461,64.29,0.701,4429126
Kentucky,2015,Kentucky2015,Male & Female,Pancreas,738,13.90,609,11.48,0.826,4429126
Kentucky,2016,Kentucky2016,Male & Female,Colon and Rectum,2536,47.94,863,16.37,0.342,4440306
Kentucky,2016,Kentucky2016,Male & Female,Lung and Bronchus,4842,88.33,3328,61.19,0.693,4440306
Kentucky,2016,Kentucky2016,Male & Female,Pancreas,708,13.03,608,11.23,0.862,4440306
Kentucky,2017,Kentucky2017,Male & Female,Colon and Rectum,2452,45.50,886,16.66,0.366,4455590
Kentucky,2017,Kentucky2017,Male & Female,Lung and Bronchus,5026,88.74,3152,56.71,0.639,4455590
Kentucky,2017,Kentucky2017,Male & Female,Pancreas,736,13.20,593,10.66,0.807,4455590
Kentucky,2018,Kentucky2018,Male & Female,Colon and Rectum,2619,48.42,898,16.34,0.337,4464273
Kentucky,2018,Kentucky2018,Male & Female,Lung and Bronchus,4882,84.17,3065,53.49,0.636,4464273
Kentucky,2018,Kentucky2018,Male & Female,Pancreas,846,14.93,753,13.24,0.886,4464273
Kentucky,2019,Kentucky2019,Male & Female,Colon and Rectum,2569,46.78,888,15.86,0.339,4472345
Kentucky,2019,Kentucky2019,Male & Female,Lung and Bronchus,5051,85.40,3068,52.74,0.618,4472345
Kentucky,2019,Kentucky2019,Male & Female,Pancreas,774,13.47,648,11.09,0.823,4472345
Kentucky,2020,Kentucky2020,Male & Female,Colon and Rectum,2279,41.18,886,15.61,0.379,4477251
Kentucky,2020,Kentucky2020,Male & Female,Lung and Bronchus,4574,75.83,2989,50.10,0.661,4477251
Kentucky,2020,Kentucky2020,Male & Female,Pancreas,733,12.42,658,11.17,0.899,4477251
Louisiana,2010,Louisiana2010,Male & Female,Colon and Rectum,2452,51.37,848,17.91,0.349,4544635
Louisiana,2010,Louisiana2010,Male & Female,Lung and Bronchus,3504,73.80,2724,57.66,0.781,4544635
Louisiana,2010,Louisiana2010,Male & Female,Pancreas,631,13.51,612,13.17,0.974,4544635
Louisiana,2011,Louisiana2011,Male & Female,Colon and Rectum,2344,48.33,855,17.86,0.370,4576244
Louisiana,2011,Louisiana2011,Male & Female,Lung and Bronchus,3442,70.91,2707,56.45,0.796,4576244
Louisiana,2011,Louisiana2011,Male & Female,Pancreas,705,14.52,626,13.12,0.904,4576244
Louisiana,2012,Louisiana2012,Male & Female,Colon and Rectum,2432,49.18,849,17.45,0.355,4602067
Louisiana,2012,Louisiana2012,Male & Female,Lung and Bronchus,3578,71.08,2740,55.45,0.780,4602067
Louisiana,2012,Louisiana2012,Male & Female,Pancreas,670,13.55,645,13.08,0.965,4602067
Louisiana,2013,Louisiana2013,Male & Female,Colon and Rectum,2298,45.32,909,18.27,0.403,4626040
Louisiana,2013,Louisiana2013,Male & Female,Lung and Bronchus,3525,68.70,2716,53.69,0.782,4626040
Louisiana,2013,Louisiana2013,Male & Female,Pancreas,720,14.23,615,12.32,0.866,4626040
Louisiana,2014,Louisiana2014,Male & Female,Colon and Rectum,2379,45.96,909,17.85,0.388,4645938
Louisiana,2014,Louisiana2014,Male & Female,Lung and Bronchus,3602,69.20,2686,51.99,0.751,4645938
Louisiana,2014,Louisiana2014,Male & Female,Pancreas,741,14.51,688,13.51,0.931,4645938
Louisiana,2015,Louisiana2015,Male & Female,Colon and Rectum,2331,44.79,849,16.03,0.358,4666998
Louisiana,2015,Louisiana2015,Male & Female,Lung and Bronchus,3524,65.82,2654,50.34,0.765,4666998
Louisiana,2015,Louisiana2015,Male & Female,Pancreas,810,15.47,689,13.22,0.854,4666998
Louisiana,2016,Louisiana2016,Male & Female,Colon and Rectum,2448,45.53,854,15.97,0.351,4681346
Louisiana,2016,Louisiana2016,Male & Female,Lung and Bronchus,3544,64.74,2494,46.28,0.715,4681346
Louisiana,2016,Louisiana2016,Male & Female,Pancreas,736,13.71,662,12.38,0.903,4681346
Louisiana,2017,Louisiana2017,Male & Female,Colon and Rectum,2407,44.73,903,16.69,0.373,4673673
Louisiana,2017,Louisiana2017,Male & Female,Lung and Bronchus,3613,64.23,2559,46.26,0.720,4673673
Louisiana,2017,Louisiana2017,Male & Female,Pancreas,736,13.30,672,12.29,0.925,4673673
Louisiana,2018,Louisiana2018,Male & Female,Colon and Rectum,2435,44.88,847,15.38,0.343,4664450
Louisiana,2018,Louisiana2018,Male & Female,Lung and Bronchus,3546,61.80,2454,43.11,0.697,4664450
Louisiana,2018,Louisiana2018,Male & Female,Pancreas,817,14.56,653,11.57,0.795,4664450
Louisiana,2019,Louisiana2019,Male & Female,Colon and Rectum,2587,47.07,875,15.63,0.332,4658285
Louisiana,2019,Louisiana2019,Male & Female,Lung and Bronchus,3737,63.67,2463,42.56,0.668,4658285
Louisiana,2019,Louisiana2019,Male & Female,Pancreas,876,15.44,757,13.31,0.862,4658285
Louisiana,2020,Louisiana2020,Male & Female,Colon and Rectum,2203,39.55,821,14.54,0.368,4645318
Louisiana,2020,Louisiana2020,Male & Female,Lung and Bronchus,3206,53.38,2346,39.74,0.744,4645318
Louisiana,2020,Louisiana2020,Male & Female,Pancreas,805,13.89,665,11.46,0.826,4645318
Maine,2010,Maine2010,Male & Female,Colon and Rectum,676,39.97,290,16.38,0.410,1327651
Maine,2010,Maine2010,Male & Female,Lung and Bronchus,1296,74.71,957,55.09,0.737,1327651
Maine,2010,Maine2010,Male & Female,Pancreas,235,13.58,198,11.59,0.853,1327651
Maine,2011,Maine2011,Male & Female,Colon and Rectum,658,39.07,259,14.94,0.382,1328473
Maine,2011,Maine2011,Male & Female,Lung and Bronchus,1232,69.98,920,51.78,0.740,1328473
Maine,2011,Maine2011,Male & Female,Pancreas,239,13.61,210,11.76,0.864,1328473
Maine,2012,Maine2012,Male & Female,Colon and Rectum,668,38.43,250,14.05,0.366,1328094
Maine,2012,Maine2012,Male & Female,Lung and Bronchus,1378,75.79,958,53.04,0.700,1328094
Maine,2012,Maine2012,Male & Female,Pancreas,257,13.86,224,12.09,0.872,1328094
Maine,2013,Maine2013,Male & Female,Colon and Rectum,694,37.88,230,12.48,0.329,1328543
Maine,2013,Maine2013,Male & Female,Lung and Bronchus,1409,75.99,1025,55.15,0.726,1328543
Maine,2013,Maine2013,Male & Female,Pancreas,246,12.95,204,10.86,0.838,1328543
Maine,2014,Maine2014,Male & Female,Colon and Rectum,677,36.84,220,11.77,0.320,1331217
Maine,2014,Maine2014,Male & Female,Lung and Bronchus,1377,73.06,917,47.72,0.653,1331217
Maine,2014,Maine2014,Male & Female,Pancreas,249,13.13,186,9.57,0.729,1331217
Maine,2015,Maine2015,Male & Female,Colon and Rectum,674,35.92,263,13.77,0.383,1329098
Maine,2015,Maine2015,Male & Female,Lung and Bronchus,1374,71.22,978,50.41,0.708,1329098
Maine,2015,Maine2015,Male & Female,Pancreas,245,12.68,237,12.48,0.984,1329098
Maine,2016,Maine2016,Male & Female,Colon and Rectum,707,38.55,260,13.63,0.354,1332348
Maine,2016,Maine2016,Male & Female,Lung and Bronchus,1476,74.42,914,46.35,0.623,1332348
Maine,2016,Maine2016,Male & Female,Pancreas,273,14.09,217,10.96,0.778,1332348
Maine,2017,Maine2017,Male & Female,Colon and Rectum,657,35.19,242,12.47,0.354,1335743
Maine,2017,Maine2017,Male & Female,Lung and Bronchus,1410,69.40,919,44.67,0.644,1335743
Maine,2017,Maine2017,Male & Female,Pancreas,242,11.95,240,11.75,0.984,1335743
Maine,2018,Maine2018,Male & Female,Colon and Rectum,654,35.20,252,12.72,0.361,1340123
Maine,2018,Maine2018,Male & Female,Lung and Bronchus,1461,70.31,928,44.52,0.633,1340123
Maine,2018,Maine2018,Male & Female,Pancreas,267,13.10,234,11.57,0.883,1340123
Maine,2019,Maine2019,Male & Female,Colon and Rectum,705,36.54,250,12.61,0.345,1345770
Maine,2019,Maine2019,Male & Female,Lung and Bronchus,1484,68.88,898,42.09,0.611,1345770
Maine,2019,Maine2019,Male & Female,Pancreas,302,14.43,234,11.16,0.774,1345770
Maine,2020,Maine2020,Male & Female,Colon and Rectum,629,32.91,280,13.58,0.412,1350141
Maine,2020,Maine2020,Male & Female,Lung and Bronchus,1404,63.54,895,41.02,0.645,1350141
Maine,2020,Maine2020,Male & Female,Pancreas,322,14.88,247,11.40,0.766,1350141
Maryland,2010,Maryland2010,Male & Female,Colon and Rectum,2354,38.51,900,14.78,0.384,5788784
Maryland,2010,Maryland2010,Male & Female,Lung and Bronchus,3672,60.87,2745,45.91,0.754,5788784
Maryland,2010,Maryland2010,Male & Female,Pancreas,801,13.21,719,11.90,0.901,5788784
Maryland,2011,Maryland2011,Male & Female,Colon and Rectum,2443,38.85,889,14.25,0.367,5840241
Maryland,2011,Maryland2011,Male & Female,Lung and Bronchus,3723,60.16,2690,43.90,0.730,5840241
Maryland,2011,Maryland2011,Male & Female,Pancreas,837,13.41,715,11.62,0.866,5840241
Maryland,2012,Maryland2012,Male & Female,Colon and Rectum,2367,36.94,943,14.81,0.401,5888375
Maryland,2012,Maryland2012,Male & Female,Lung and Bronchus,3717,58.39,2744,43.69,0.748,5888375
Maryland,2012,Maryland2012,Male & Female,Pancreas,832,13.05,744,11.62,0.890,5888375
Maryland,2013,Maryland2013,Male & Female,Colon and Rectum,2378,36.45,919,14.03,0.385,5925197
Maryland,2013,Maryland2013,Male & Female,Lung and Bronchus,3816,58.40,2672,41.16,0.705,5925197
Maryland,2013,Maryland2013,Male & Female,Pancreas,841,12.83,763,11.81,0.921,5925197
Maryland,2014,Maryland2014,Male & Female,Colon and Rectum,2496,37.59,955,14.38,0.383,5960064
Maryland,2014,Maryland2014,Male & Female,Lung and Bronchus,3835,57.02,2750,41.60,0.730,5960064
Maryland,2014,Maryland2014,Male & Female,Pancreas,898,13.44,759,11.39,0.847,5960064
Maryland,2015,Maryland2015,Male & Female,Colon and Rectum,2476,36.48,915,13.50,0.370,5988528
Maryland,2015,Maryland2015,Male & Female,Lung and Bronchus,3906,56.90,2579,37.76,0.664,5988528
Maryland,2015,Maryland2015,Male & Female,Pancreas,930,13.48,807,11.73,0.870,5988528
Maryland,2016,Maryland2016,Male & Female,Colon and Rectum,2485,35.93,949,13.76,0.383,6007014
Maryland,2016,Maryland2016,Male & Female,Lung and Bronchus,3936,55.84,2639,37.71,0.675,6007014
Maryland,2016,Maryland2016,Male & Female,Pancreas,981,14.04,783,11.18,0.796,6007014
Maryland,2017,Maryland2017,Male & Female,Colon and Rectum,2567,36.28,947,13.32,0.367,6028186
Maryland,2017,Maryland2017,Male & Female,Lung and Bronchus,4047,56.04,2575,36.07,0.644,6028186
Maryland,2017,Maryland2017,Male & Female,Pancreas,1004,13.92,802,11.24,0.807,6028186
Maryland,2018,Maryland2018,Male & Female,Colon and Rectum,2598,36.43,982,13.60,0.373,6042153
Maryland,2018,Maryland2018,Male & Female,Lung and Bronchus,3879,51.63,2468,33.42,0.647,6042153
Maryland,2018,Maryland2018,Male & Female,Pancreas,1036,13.96,844,11.44,0.819,6042153
Maryland,2019,Maryland2019,Male & Female,Colon and Rectum,2648,36.23,967,13.09,0.361,6054954
Maryland,2019,Maryland2019,Male & Female,Lung and Bronchus,4008,52.38,2384,31.58,0.603,6054954
Maryland,2019,Maryland2019,Male & Female,Pancreas,1053,13.95,855,11.33,0.812,6054954
Maryland,2020,Maryland2020,Male & Female,Colon and Rectum,2291,31.50,946,12.48,0.396,6055802
Maryland,2020,Maryland2020,Male & Female,Lung and Bronchus,3439,43.90,2234,29.01,0.661,6055802
Maryland,2020,Maryland2020,Male & Female,Pancreas,972,12.62,877,11.33,0.898,6055802
Massachusetts,2010,Massachusetts2010,Male & Female,Colon and Rectum,3006,39.79,1144,14.76,0.371,6566440
Massachusetts,2010,Massachusetts2010,Male & Female,Lung and Bronchus,4961,66.60,3552,47.06,0.707,6566440
Massachusetts,2010,Massachusetts2010,Male & Female,Pancreas,893,11.72,848,11.03,0.942,6566440
Massachusetts,2011,Massachusetts2011,Male & Female,Colon and Rectum,2940,38.30,1027,13.04,0.340,6614218
Massachusetts,2011,Massachusetts2011,Male & Female,Lung and Bronchus,5032,66.50,3414,44.79,0.673,6614218
Massachusetts,2011,Massachusetts2011,Male & Female,Pancreas,956,12.49,897,11.59,0.928,6614218
Massachusetts,2012,Massachusetts2012,Male & Female,Colon and Rectum,2894,37.29,1050,13.06,0.350,6664269
Massachusetts,2012,Massachusetts2012,Male & Female,Lung and Bronchus,5039,65.11,3458,44.41,0.682,6664269
Massachusetts,2012,Massachusetts2012,Male & Female,Pancreas,1006,12.58,881,11.04,0.878,6664269
Massachusetts,2013,Massachusetts2013,Male & Female,Colon and Rectum,2893,36.64,1039,12.85,0.351,6715158
Massachusetts,2013,Massachusetts2013,Male & Female,Lung and Bronchus,5029,63.33,3332,41.60,0.657,6715158
Massachusetts,2013,Massachusetts2013,Male & Female,Pancreas,1051,13.02,901,11.05,0.849,6715158
Massachusetts,2014,Massachusetts2014,Male & Female,Colon and Rectum,3011,37.58,1032,12.47,0.332,6764864
Massachusetts,2014,Massachusetts2014,Male & Female,Lung and Bronchus,5096,62.89,3302,40.52,0.644,6764864
Massachusetts,2014,Massachusetts2014,Male & Female,Pancreas,1064,13.00,911,10.93,0.841,6764864
Massachusetts,2015,Massachusetts2015,Male & Female,Colon and Rectum,2906,35.83,992,11.80,0.329,6797484
Massachusetts,2015,Massachusetts2015,Male & Female,Lung and Bronchus,5221,62.91,3238,39.01,0.620,6797484
Massachusetts,2015,Massachusetts2015,Male & Female,Pancreas,1144,13.76,943,11.27,0.819,6797484
Massachusetts,2016,Massachusetts2016,Male & Female,Colon and Rectum,2887,35.22,959,11.39,0.323,6827280
Massachusetts,2016,Massachusetts2016,Male & Female,Lung and Bronchus,5330,62.53,3169,37.41,0.598,6827280
Massachusetts,2016,Massachusetts2016,Male & Female,Pancreas,1141,13.46,989,11.66,0.866,6827280
Massachusetts,2017,Massachusetts2017,Male & Female,Colon and Rectum,2799,33.24,975,11.36,0.342,6863560
Massachusetts,2017,Massachusetts2017,Male & Female,Lung and Bronchus,5386,61.58,3074,35.36,0.574,6863560
Massachusetts,2017,Massachusetts2017,Male & Female,Pancreas,1224,14.05,1003,11.48,0.817,6863560
Massachusetts,2018,Massachusetts2018,Male & Female,Colon and Rectum,2753,32.62,984,11.14,0.342,6885720
Massachusetts,2018,Massachusetts2018,Male & Female,Lung and Bronchus,5122,57.09,2982,33.79,0.592,6885720
Massachusetts,2018,Massachusetts2018,Male & Female,Pancreas,1216,13.73,1002,11.33,0.825,6885720
Massachusetts,2019,Massachusetts2019,Male & Female,Colon and Rectum,2761,32.24,959,10.82,0.336,6894883
Massachusetts,2019,Massachusetts2019,Male & Female,Lung and Bronchus,5659,61.83,2952,32.37,0.524,6894883
Massachusetts,2019,Massachusetts2019,Male & Female,Pancreas,1352,15.04,1057,11.67,0.776,6894883
Massachusetts,2020,Massachusetts2020,Male & Female,Colon and Rectum,2436,28.47,925,10.32,0.363,6893574
Massachusetts,2020,Massachusetts2020,Male & Female,Lung and Bronchus,4885,52.49,2754,29.66,0.565,6893574
Massachusetts,2020,Massachusetts2020,Male & Female,Pancreas,1231,13.41,1034,11.24,0.838,6893574
Michigan,2010,Michigan2010,Male & Female,Colon and Rectum,4637,41.14,1767,15.64,0.380,9877597
Michigan,2010,Michigan2010,Male & Female,Lung and Bronchus,8097,71.45,5913,52.17,0.730,9877597
Michigan,2010,Michigan2010,Male & Female,Pancreas,1494,13.11,1309,11.50,0.877,9877597
Michigan,2011,Michigan2011,Male & Female,Colon and Rectum,4493,39.36,1784,15.50,0.394,9883053
Michigan,2011,Michigan2011,Male & Female,Lung and Bronchus,7961,68.89,5868,51.07,0.741,9883053
Michigan,2011,Michigan2011,Male & Female,Pancreas,1416,12.20,1297,11.05,0.906,9883053
Michigan,2012,Michigan2012,Male & Female,Colon and Rectum,4514,38.74,1685,14.23,0.367,9898289
Michigan,2012,Michigan2012,Male & Female,Lung and Bronchus,7911,67.03,5847,49.56,0.739,9898289
Michigan,2012,Michigan2012,Male & Female,Pancreas,1603,13.52,1384,11.69,0.865,9898289
Michigan,2013,Michigan2013,Male & Female,Colon and Rectum,4434,37.61,1730,14.57,0.387,9914802
Michigan,2013,Michigan2013,Male & Female,Lung and Bronchus,7796,64.52,5758,47.89,0.742,9914802
Michigan,2013,Michigan2013,Male & Female,Pancreas,1606,13.32,1442,11.96,0.898,9914802
Michigan,2014,Michigan2014,Male & Female,Colon and Rectum,4520,37.92,1744,14.38,0.379,9932033
Michigan,2014,Michigan2014,Male & Female,Lung and Bronchus,8058,65.37,5942,48.38,0.740,9932033
Michigan,2014,Michigan2014,Male & Female,Pancreas,1616,13.07,1438,11.63,0.890,9932033
Michigan,2015,Michigan2015,Male & Female,Colon and Rectum,4509,37.32,1722,14.02,0.376,9934483
Michigan,2015,Michigan2015,Male & Female,Lung and Bronchus,8072,64.42,5723,45.90,0.713,9934483
Michigan,2015,Michigan2015,Male & Female,Pancreas,1727,13.77,1517,12.11,0.879,9934483
Michigan,2016,Michigan2016,Male & Female,Colon and Rectum,4660,38.19,1718,13.69,0.358,9954117
Michigan,2016,Michigan2016,Male & Female,Lung and Bronchus,8159,63.72,5528,43.48,0.682,9954117
Michigan,2016,Michigan2016,Male & Female,Pancreas,1760,13.92,1542,12.22,0.878,9954117
Michigan,2017,Michigan2017,Male & Female,Colon and Rectum,4686,38.06,1709,13.60,0.357,9976752
Michigan,2017,Michigan2017,Male & Female,Lung and Bronchus,8170,62.38,5502,42.36,0.679,9976752
Michigan,2017,Michigan2017,Male & Female,Pancreas,1821,14.12,1661,12.81,0.907,9976752
Michigan,2018,Michigan2018,Male & Female,Colon and Rectum,4462,35.61,1671,13.05,0.367,9987286
Michigan,2018,Michigan2018,Male & Female,Lung and Bronchus,8134,60.36,5457,41.01,0.679,9987286
Michigan,2018,Michigan2018,Male & Female,Pancreas,1795,13.53,1599,12.08,0.893,9987286
Michigan,2019,Michigan2019,Male & Female,Colon and Rectum,4578,36.62,1708,13.10,0.358,9984795
Michigan,2019,Michigan2019,Male & Female,Lung and Bronchus,8282,60.09,5325,39.00,0.649,9984795
Michigan,2019,Michigan2019,Male & Female,Pancreas,1889,14.06,1657,12.22,0.869,9984795
Michigan,2020,Michigan2020,Male & Female,Colon and Rectum,3803,30.04,1791,13.66,0.455,9966555
Michigan,2020,Michigan2020,Male & Female,Lung and Bronchus,7243,51.80,5214,37.50,0.724,9966555
Michigan,2020,Michigan2020,Male & Female,Pancreas,1801,13.29,1699,12.42,0.935,9966555
Minnesota,2010,Minnesota2010,Male & Female,Colon and Rectum,2370,41.23,827,13.98,0.339,5310934
Minnesota,2010,Minnesota2010,Male & Female,Lung and Bronchus,3223,57.01,2370,41.49,0.728,5310934
Minnesota,2010,Minnesota2010,Male & Female,Pancreas,609,10.57,627,10.83,1.025,5310934
Minnesota,2011,Minnesota2011,Male & Female,Colon and Rectum,2304,39.41,820,13.76,0.349,5346620
Minnesota,2011,Minnesota2011,Male & Female,Lung and Bronchus,3141,53.82,2320,39.79,0.739,5346620
Minnesota,2011,Minnesota2011,Male & Female,Pancreas,684,11.64,617,10.40,0.893,5346620
Minnesota,2012,Minnesota2012,Male & Female,Colon and Rectum,2250,37.83,797,13.06,0.345,5377500
Minnesota,2012,Minnesota2012,Male & Female,Lung and Bronchus,3341,55.89,2333,39.17,0.701,5377500
Minnesota,2012,Minnesota2012,Male & Female,Pancreas,760,12.62,600,9.88,0.783,5377500
Minnesota,2013,Minnesota2013,Male & Female,Colon and Rectum,2402,39.22,792,12.81,0.327,5414722
Minnesota,2013,Minnesota2013,Male & Female,Lung and Bronchus,3537,57.66,2391,39.11,0.678,5414722
Minnesota,2013,Minnesota2013,Male & Female,Pancreas,747,12.08,682,10.90,0.902,5414722
Minnesota,2014,Minnesota2014,Male & Female,Colon and Rectum,2331,37.61,780,12.42,0.330,5452665
Minnesota,2014,Minnesota2014,Male & Female,Lung and Bronchus,3399,53.98,2481,39.41,0.730,5452665
Minnesota,2014,Minnesota2014,Male & Female,Pancreas,820,13.01,672,10.61,0.815,5452665
Minnesota,2015,Minnesota2015,Male & Female,Colon and Rectum,2402,38.38,809,12.52,0.326,5484002
Minnesota,2015,Minnesota2015,Male & Female,Lung and Bronchus,3810,58.81,2398,37.14,0.632,5484002
Minnesota,2015,Minnesota2015,Male & Female,Pancreas,902,14.00,728,11.28,0.805,5484002
Minnesota,2016,Minnesota2016,Male & Female,Colon and Rectum,2458,38.37,814,12.45,0.324,5525360
Minnesota,2016,Minnesota2016,Male & Female,Lung and Bronchus,3822,57.74,2329,35.19,0.609,5525360
Minnesota,2016,Minnesota2016,Male & Female,Pancreas,932,14.15,735,11.17,0.790,5525360
Minnesota,2017,Minnesota2017,Male & Female,Colon and Rectum,2467,38.27,788,11.80,0.308,5569283
Minnesota,2017,Minnesota2017,Male & Female,Lung and Bronchus,3828,56.57,2316,34.16,0.604,5569283
Minnesota,2017,Minnesota2017,Male & Female,Pancreas,914,13.64,777,11.62,0.852,5569283
Minnesota,2018,Minnesota2018,Male & Female,Colon and Rectum,2469,37.12,815,11.97,0.322,5608762
Minnesota,2018,Minnesota2018,Male & Female,Lung and Bronchus,3868,55.38,2137,30.56,0.552,5608762
Minnesota,2018,Minnesota2018,Male & Female,Pancreas,1006,14.37,698,10.00,0.696,5608762
Minnesota,2019,Minnesota2019,Male & Female,Colon and Rectum,2386,35.43,784,11.15,0.315,5640053
Minnesota,2019,Minnesota2019,Male & Female,Lung and Bronchus,3988,55.39,2157,30.28,0.547,5640053
Minnesota,2019,Minnesota2019,Male & Female,Pancreas,1022,14.53,782,11.04,0.760,5640053
Minnesota,2020,Minnesota2020,Male & Female,Colon and Rectum,2171,31.97,814,11.69,0.366,5657342
Minnesota,2020,Minnesota2020,Male & Female,Lung and Bronchus,3656,49.32,2174,29.66,0.601,5657342
Minnesota,2020,Minnesota2020,Male & Female,Pancreas,1000,13.77,811,11.10,0.806,5657342
Mississippi,2010,Mississippi2010,Male & Female,Colon and Rectum,1649,52.21,632,20.28,0.388,2970615
Mississippi,2010,Mississippi2010,Male & Female,Lung and Bronchus,2472,77.21,1958,61.73,0.800,2970615
Mississippi,2010,Mississippi2010,Male & Female,Pancreas,413,13.27,375,12.00,0.904,2970615
Mississippi,2011,Mississippi2011,Male & Female,Colon and Rectum,1599,49.44,626,19.87,0.402,2979147
Mississippi,2011,Mississippi2011,Male & Female,Lung and Bronchus,2452,74.98,1928,59.27,0.791,2979147
Mississippi,2011,Mississippi2011,Male & Female,Pancreas,451,14.02,380,11.87,0.847,2979147
Mississippi,2012,Mississippi2012,Male & Female,Colon and Rectum,1602,48.94,622,19.22,0.393,2984599
Mississippi,2012,Mississippi2012,Male & Female,Lung and Bronchus,2542,76.39,1907,58.18,0.762,2984599
Mississippi,2012,Mississippi2012,Male & Female,Pancreas,473,14.40,459,14.27,0.991,2984599
Mississippi,2013,Mississippi2013,Male & Female,Colon and Rectum,1677,49.68,615,18.67,0.376,2989839
Mississippi,2013,Mississippi2013,Male & Female,Lung and Bronchus,2625,77.24,1975,58.82,0.761,2989839
Mississippi,2013,Mississippi2013,Male & Female,Pancreas,449,13.42,410,12.42,0.925,2989839
Mississippi,2014,Mississippi2014,Male & Female,Colon and Rectum,1609,47.19,649,19.23,0.408,2991892
Mississippi,2014,Mississippi2014,Male & Female,Lung and Bronchus,2615,75.28,1944,56.70,0.753,2991892
Mississippi,2014,Mississippi2014,Male & Female,Pancreas,533,15.71,422,12.36,0.787,2991892
Mississippi,2015,Mississippi2015,Male & Female,Colon and Rectum,1692,49.21,610,17.83,0.362,2990231
Mississippi,2015,Mississippi2015,Male & Female,Lung and Bronchus,2640,74.60,1910,54.87,0.735,2990231
Mississippi,2015,Mississippi2015,Male & Female,Pancreas,505,14.87,466,13.84,0.930,2990231
Mississippi,2016,Mississippi2016,Male & Female,Colon and Rectum,1657,47.76,652,18.69,0.391,2990595
Mississippi,2016,Mississippi2016,Male & Female,Lung and Bronchus,2741,76.53,1903,53.82,0.703,2990595
Mississippi,2016,Mississippi2016,Male & Female,Pancreas,516,14.52,448,12.90,0.888,2990595
Mississippi,2017,Mississippi2017,Male & Female,Colon and Rectum,1706,48.24,615,17.13,0.355,2990674
Mississippi,2017,Mississippi2017,Male & Female,Lung and Bronchus,2696,73.14,1804,49.35,0.675,2990674
Mississippi,2017,Mississippi2017,Male & Female,Pancreas,508,13.97,477,13.25,0.949,2990674
Mississippi,2018,Mississippi2018,Male & Female,Colon and Rectum,1782,49.85,620,17.28,0.347,2982879
Mississippi,2018,Mississippi2018,Male & Female,Lung and Bronchus,2730,72.73,1838,49.66,0.683,2982879
Mississippi,2018,Mississippi2018,Male & Female,Pancreas,491,13.27,450,12.16,0.916,2982879
Mississippi,2019,Mississippi2019,Male & Female,Colon and Rectum,1700,47.37,641,17.70,0.374,2978227
Mississippi,2019,Mississippi2019,Male & Female,Lung and Bronchus,2645,68.99,1866,49.42,0.716,2978227
Mississippi,2019,Mississippi2019,Male & Female,Pancreas,502,13.68,437,11.85,0.866,2978227
Mississippi,2020,Mississippi2020,Male & Female,Colon and Rectum,1437,39.39,630,17.15,0.435,2966786
Mississippi,2020,Mississippi2020,Male & Female,Lung and Bronchus,2291,58.88,1756,45.60,0.774,2966786
Mississippi,2020,Mississippi2020,Male & Female,Pancreas,511,13.32,483,12.67,0.951,2966786
Missouri,2010,Missouri2010,Male & Female,Colon and Rectum,3023,44.60,1151,16.91,0.379,5996089
Missouri,2010,Missouri2010,Male & Female,Lung and Bronchus,5215,75.72,3909,57.18,0.755,5996089
Missouri,2010,Missouri2010,Male & Female,Pancreas,899,13.01,810,11.72,0.900,5996089
Missouri,2011,Missouri2011,Male & Female,Colon and Rectum,3013,43.64,1094,15.76,0.361,6011182
Missouri,2011,Missouri2011,Male & Female,Lung and Bronchus,5313,76.36,3833,55.07,0.721,6011182
Missouri,2011,Missouri2011,Male & Female,Pancreas,902,12.95,768,10.98,0.847,6011182
Missouri,2012,Missouri2012,Male & Female,Colon and Rectum,3044,43.55,1153,16.30,0.374,6026027
Missouri,2012,Missouri2012,Male & Female,Lung and Bronchus,5490,76.74,3992,55.88,0.728,6026027
Missouri,2012,Missouri2012,Male & Female,Pancreas,826,11.68,789,11.02,0.944,6026027
Missouri,2013,Missouri2013,Male & Female,Colon and Rectum,2975,41.60,1116,15.54,0.374,6042989
Missouri,2013,Missouri2013,Male & Female,Lung and Bronchus,5479,75.08,4000,54.77,0.730,6042989
Missouri,2013,Missouri2013,Male & Female,Pancreas,916,12.67,783,10.80,0.852,6042989
Missouri,2014,Missouri2014,Male & Female,Colon and Rectum,2978,41.33,1058,14.46,0.350,6059130
Missouri,2014,Missouri2014,Male & Female,Lung and Bronchus,5464,73.43,3984,53.64,0.731,6059130
Missouri,2014,Missouri2014,Male & Female,Pancreas,985,13.31,885,11.93,0.897,6059130
Missouri,2015,Missouri2015,Male & Female,Colon and Rectum,2968,40.75,1110,14.97,0.367,6075411
Missouri,2015,Missouri2015,Male & Female,Lung and Bronchus,5499,72.67,3870,51.11,0.703,6075411
Missouri,2015,Missouri2015,Male & Female,Pancreas,928,12.37,847,11.14,0.901,6075411
Missouri,2016,Missouri2016,Male & Female,Colon and Rectum,2942,40.17,1086,14.19,0.353,6091384
Missouri,2016,Missouri2016,Male & Female,Lung and Bronchus,5337,68.99,3706,47.98,0.695,6091384
Missouri,2016,Missouri2016,Male & Female,Pancreas,909,11.98,818,10.74,0.897,6091384
Missouri,2017,Missouri2017,Male & Female,Colon and Rectum,2990,40.02,1084,14.14,0.353,6111382
Missouri,2017,Missouri2017,Male & Female,Lung and Bronchus,5746,72.40,3690,46.72,0.645,6111382
Missouri,2017,Missouri2017,Male & Female,Pancreas,1051,13.49,904,11.47,0.850,6111382
Missouri,2018,Missouri2018,Male & Female,Colon and Rectum,3055,40.15,1133,14.70,0.366,6125986
Missouri,2018,Missouri2018,Male & Female,Lung and Bronchus,5600,69.30,3559,44.30,0.639,6125986
Missouri,2018,Missouri2018,Male & Female,Pancreas,1100,13.91,916,11.57,0.832,6125986
Missouri,2019,Missouri2019,Male & Female,Colon and Rectum,2926,38.10,1052,13.32,0.350,6140475
Missouri,2019,Missouri2019,Male & Female,Lung and Bronchus,5555,67.32,3477,42.06,0.625,6140475
Missouri,2019,Missouri2019,Male & Female,Pancreas,1092,13.57,965,11.87,0.875,6140475
Missouri,2020,Missouri2020,Male & Female,Colon and Rectum,2706,35.34,1008,12.53,0.355,6151548
Missouri,2020,Missouri2020,Male & Female,Lung and Bronchus,5309,62.83,3488,41.53,0.661,6151548
Missouri,2020,Missouri2020,Male & Female,Pancreas,1047,12.62,944,11.37,0.901,6151548
Montana,2010,Montana2010,Male & Female,Colon and Rectum,535,44.29,167,13.91,0.314,990730
Montana,2010,Montana2010,Male & Female,Lung and Bronchus,695,58.23,478,39.56,0.679,990730
Montana,2010,Montana2010,Male & Female,Pancreas,150,12.54,108,9.17,0.731,990730
Montana,2011,Montana2011,Male & Female,Colon and Rectum,479,39.35,160,12.81,0.325,997518
Montana,2011,Montana2011,Male & Female,Lung and Bronchus,742,60.85,584,47.73,0.785,997518
Montana,2011,Montana2011,Male & Female,Pancreas,135,10.88,137,11.15,1.025,997518
Montana,2012,Montana2012,Male & Female,Colon and Rectum,456,36.67,180,14.19,0.387,1004168
Montana,2012,Montana2012,Male & Female,Lung and Bronchus,698,54.63,495,39.25,0.718,1004168
Montana,2012,Montana2012,Male & Female,Pancreas,142,11.01,107,8.29,0.753,1004168
Montana,2013,Montana2013,Male & Female,Colon and Rectum,504,39.56,161,12.41,0.314,1014158
Montana,2013,Montana2013,Male & Female,Lung and Bronchus,774,59.67,490,37.93,0.636,1014158
Montana,2013,Montana2013,Male & Female,Pancreas,154,12.07,138,10.50,0.870,1014158
Montana,2014,Montana2014,Male & Female,Colon and Rectum,501,38.44,192,14.62,0.380,1022657
Montana,2014,Montana2014,Male & Female,Lung and Bronchus,729,54.49,559,42.55,0.781,1022657
Montana,2014,Montana2014,Male & Female,Pancreas,152,11.13,129,9.73,0.875,1022657
Montana,2015,Montana2015,Male & Female,Colon and Rectum,517,40.00,189,14.13,0.353,1031495
Montana,2015,Montana2015,Male & Female,Lung and Bronchus,750,54.63,539,39.64,0.726,1031495
Montana,2015,Montana2015,Male & Female,Pancreas,182,13.01,153,11.08,0.852,1031495
Montana,2016,Montana2016,Male & Female,Colon and Rectum,498,36.96,180,13.03,0.352,1042137
Montana,2016,Montana2016,Male & Female,Lung and Bronchus,757,54.27,477,34.40,0.634,1042137
Montana,2016,Montana2016,Male & Female,Pancreas,183,13.62,147,11.03,0.810,1042137
Montana,2017,Montana2017,Male & Female,Colon and Rectum,511,38.28,169,12.25,0.320,1053862
Montana,2017,Montana2017,Male & Female,Lung and Bronchus,715,48.93,465,32.57,0.666,1053862
Montana,2017,Montana2017,Male & Female,Pancreas,166,11.72,153,10.34,0.882,1053862
Montana,2018,Montana2018,Male & Female,Colon and Rectum,479,35.05,164,11.88,0.339,1061818
Montana,2018,Montana2018,Male & Female,Lung and Bronchus,715,46.88,470,31.62,0.674,1061818
Montana,2018,Montana2018,Male & Female,Pancreas,182,12.07,140,9.48,0.786,1061818
Montana,2019,Montana2019,Male & Female,Colon and Rectum,489,35.48,176,12.21,0.344,1070123
Montana,2019,Montana2019,Male & Female,Lung and Bronchus,736,47.42,409,26.96,0.568,1070123
Montana,2019,Montana2019,Male & Female,Pancreas,182,12.55,164,10.94,0.872,1070123
Montana,2020,Montana2020,Male & Female,Colon and Rectum,499,35.59,164,10.91,0.306,1080577
Montana,2020,Montana2020,Male & Female,Lung and Bronchus,653,40.59,431,27.34,0.673,1080577
Montana,2020,Montana2020,Male & Female,Pancreas,185,12.01,145,9.58,0.798,1080577
Nebraska,2010,Nebraska2010,Male & Female,Colon and Rectum,948,46.44,358,17.08,0.368,1829591
Nebraska,2010,Nebraska2010,Male & Female,Lung and Bronchus,1227,60.95,929,45.92,0.753,1829591
Nebraska,2010,Nebraska2010,Male & Female,Pancreas,233,11.45,209,10.11,0.883,1829591
Nebraska,2011,Nebraska2011,Male & Female,Colon and Rectum,921,45.23,361,17.14,0.379,1840914
Nebraska,2011,Nebraska2011,Male & Female,Lung and Bronchus,1177,57.65,866,42.48,0.737,1840914
Nebraska,2011,Nebraska2011,Male & Female,Pancreas,231,11.28,197,9.69,0.859,1840914
Nebraska,2012,Nebraska2012,Male & Female,Colon and Rectum,903,43.81,341,15.86,0.362,1853691
Nebraska,2012,Nebraska2012,Male & Female,Lung and Bronchus,1267,60.81,905,43.28,0.712,1853691
Nebraska,2012,Nebraska2012,Male & Female,Pancreas,274,13.03,244,11.56,0.887,1853691
Nebraska,2013,Nebraska2013,Male & Female,Colon and Rectum,872,41.46,320,14.99,0.362,1865813
Nebraska,2013,Nebraska2013,Male & Female,Lung and Bronchus,1322,62.28,913,42.89,0.689,1865813
Nebraska,2013,Nebraska2013,Male & Female,Pancreas,259,12.26,242,11.21,0.914,1865813
Nebraska,2014,Nebraska2014,Male & Female,Colon and Rectum,921,42.64,341,15.64,0.367,1879955
Nebraska,2014,Nebraska2014,Male & Female,Lung and Bronchus,1244,57.93,886,41.43,0.715,1879955
Nebraska,2014,Nebraska2014,Male & Female,Pancreas,266,12.56,221,10.19,0.811,1879955
Nebraska,2015,Nebraska2015,Male & Female,Colon and Rectum,927,43.19,339,15.30,0.354,1892059
Nebraska,2015,Nebraska2015,Male & Female,Lung and Bronchus,1269,57.73,913,41.47,0.718,1892059
Nebraska,2015,Nebraska2015,Male & Female,Pancreas,292,13.29,214,9.70,0.730,1892059
Nebraska,2016,Nebraska2016,Male & Female,Colon and Rectum,981,45.12,314,14.02,0.311,1906483
Nebraska,2016,Nebraska2016,Male & Female,Lung and Bronchus,1232,54.53,856,37.58,0.689,1906483
Nebraska,2016,Nebraska2016,Male & Female,Pancreas,328,14.75,267,12.12,0.821,1906483
Nebraska,2017,Nebraska2017,Male & Female,Colon and Rectum,914,41.40,312,13.58,0.328,1916998
Nebraska,2017,Nebraska2017,Male & Female,Lung and Bronchus,1266,55.27,815,35.89,0.649,1916998
Nebraska,2017,Nebraska2017,Male & Female,Pancreas,279,12.55,274,12.06,0.961,1916998
Nebraska,2018,Nebraska2018,Male & Female,Colon and Rectum,950,42.53,356,15.23,0.358,1925512
Nebraska,2018,Nebraska2018,Male & Female,Lung and Bronchus,1298,54.76,791,33.60,0.614,1925512
Nebraska,2018,Nebraska2018,Male & Female,Pancreas,280,12.06,273,11.77,0.976,1925512
Nebraska,2019,Nebraska2019,Male & Female,Colon and Rectum,867,38.63,340,14.48,0.375,1932571
Nebraska,2019,Nebraska2019,Male & Female,Lung and Bronchus,1293,53.29,779,32.69,0.613,1932571
Nebraska,2019,Nebraska2019,Male & Female,Pancreas,313,13.07,263,11.14,0.852,1932571
Nebraska,2020,Nebraska2020,Male & Female,Colon and Rectum,792,35.53,344,14.40,0.405,1937552
Nebraska,2020,Nebraska2020,Male & Female,Lung and Bronchus,1091,44.21,720,29.49,0.667,1937552
Nebraska,2020,Nebraska2020,Male & Female,Pancreas,321,13.17,294,12.02,0.912,1937552
Nevada,2010,Nevada2010,Male & Female,Colon and Rectum,1140,41.96,441,17.19,0.410,2702483
Nevada,2010,Nevada2010,Male & Female,Lung and Bronchus,1677,62.32,1251,47.35,0.760,2702483
Nevada,2010,Nevada2010,Male & Female,Pancreas,307,11.30,309,11.55,1.022,2702483
Nevada,2011,Nevada2011,Male & Female,Colon and Rectum,1167,42.16,438,16.49,0.391,2713114
Nevada,2011,Nevada2011,Male & Female,Lung and Bronchus,1752,62.91,1321,48.80,0.776,2713114
Nevada,2011,Nevada2011,Male & Female,Pancreas,350,12.67,296,10.85,0.856,2713114
Nevada,2012,Nevada2012,Male & Female,Colon and Rectum,1144,39.87,487,17.62,0.442,2744670
Nevada,2012,Nevada2012,Male & Female,Lung and Bronchus,1745,60.08,1313,46.18,0.769,2744670
Nevada,2012,Nevada2012,Male & Female,Pancreas,316,10.81,272,9.55,0.884,2744670
Nevada,2013,Nevada2013,Male & Female,Colon and Rectum,1159,39.04,482,16.95,0.434,2776956
Nevada,2013,Nevada2013,Male & Female,Lung and Bronchus,1854,61.66,1335,45.69,0.741,2776956
Nevada,2013,Nevada2013,Male & Female,Pancreas,380,12.35,325,10.86,0.879,2776956
Nevada,2014,Nevada2014,Male & Female,Colon and Rectum,1173,37.43,493,16.41,0.438,2818935
Nevada,2014,Nevada2014,Male & Female,Lung and Bronchus,1750,55.71,1408,45.93,0.824,2818935
Nevada,2014,Nevada2014,Male & Female,Pancreas,335,10.59,310,10.00,0.945,2818935
Nevada,2015,Nevada2015,Male & Female,Colon and Rectum,1124,34.69,489,15.76,0.454,2868531
Nevada,2015,Nevada2015,Male & Female,Lung and Bronchus,1675,51.08,1336,41.96,0.822,2868531
Nevada,2015,Nevada2015,Male & Female,Pancreas,380,11.66,348,10.77,0.924,2868531
Nevada,2016,Nevada2016,Male & Female,Colon and Rectum,1226,36.56,551,16.91,0.462,2919555
Nevada,2016,Nevada2016,Male & Female,Lung and Bronchus,1787,52.36,1267,38.45,0.734,2919555
Nevada,2016,Nevada2016,Male & Female,Pancreas,418,12.22,339,10.03,0.820,2919555
Nevada,2017,Nevada2017,Male & Female,Colon and Rectum,1195,34.81,575,17.11,0.491,2972097
Nevada,2017,Nevada2017,Male & Female,Lung and Bronchus,1759,49.83,1312,38.38,0.770,2972097
Nevada,2017,Nevada2017,Male & Female,Pancreas,466,13.39,380,10.99,0.821,2972097
Nevada,2018,Nevada2018,Male & Female,Colon and Rectum,1246,35.00,461,13.34,0.381,3030725
Nevada,2018,Nevada2018,Male & Female,Lung and Bronchus,1557,42.16,1191,32.86,0.780,3030725
Nevada,2018,Nevada2018,Male & Female,Pancreas,405,11.13,386,10.72,0.963,3030725
Nevada,2019,Nevada2019,Male & Female,Colon and Rectum,1161,32.00,479,13.19,0.412,3090771
Nevada,2019,Nevada2019,Male & Female,Lung and Bronchus,1582,41.16,1253,33.31,0.809,3090771
Nevada,2019,Nevada2019,Male & Female,Pancreas,474,12.45,380,10.13,0.813,3090771
Nevada,2020,Nevada2020,Male & Female,Colon and Rectum,,,,,,
Nevada,2020,Nevada2020,Male & Female,Lung and Bronchus,,,,,,
Nevada,2020,Nevada2020,Male & Female,Pancreas,,,,,,
New Hampshire,2010,New Hampshire2010,Male & Female,Colon and Rectum,529,34.62,212,14.23,0.411,1316807
New Hampshire,2010,New Hampshire2010,Male & Female,Lung and Bronchus,1081,70.76,695,46.36,0.655,1316807
New Hampshire,2010,New Hampshire2010,Male & Female,Pancreas,199,12.85,158,10.48,0.815,1316807
New Hampshire,2011,New Hampshire2011,Male & Female,Colon and Rectum,654,41.76,229,14.74,0.353,1320444
New Hampshire,2011,New Hampshire2011,Male & Female,Lung and Bronchus,1098,70.85,798,51.70,0.730,1320444
New Hampshire,2011,New Hampshire2011,Male & Female,Pancreas,181,11.62,178,11.49,0.989,1320444
New Hampshire,2012,New Hampshire2012,Male & Female,Colon and Rectum,600,37.92,215,13.74,0.362,1324677
New Hampshire,2012,New Hampshire2012,Male & Female,Lung and Bronchus,1049,66.37,750,46.91,0.707,1324677
New Hampshire,2012,New Hampshire2012,Male & Female,Pancreas,212,13.18,184,11.58,0.878,1324677
New Hampshire,2013,New Hampshire2013,Male & Female,Colon and Rectum,633,38.42,207,12.92,0.336,1327272
New Hampshire,2013,New Hampshire2013,Male & Female,Lung and Bronchus,1114,67.32,691,42.06,0.625,1327272
New Hampshire,2013,New Hampshire2013,Male & Female,Pancreas,208,12.34,178,10.75,0.871,1327272
New Hampshire,2014,New Hampshire2014,Male & Female,Colon and Rectum,628,37.82,214,12.67,0.335,1334257
New Hampshire,2014,New Hampshire2014,Male & Female,Lung and Bronchus,1086,63.52,744,44.03,0.693,1334257
New Hampshire,2014,New Hampshire2014,Male & Female,Pancreas,201,11.88,192,11.11,0.935,1334257
New Hampshire,2015,New Hampshire2015,Male & Female,Colon and Rectum,605,36.66,195,11.34,0.309,1337480
New Hampshire,2015,New Hampshire2015,Male & Female,Lung and Bronchus,1145,64.39,758,43.39,0.674,1337480
New Hampshire,2015,New Hampshire2015,Male & Female,Pancreas,204,11.53,179,10.37,0.899,1337480
New Hampshire,2016,New Hampshire2016,Male & Female,Colon and Rectum,659,38.10,227,13.40,0.352,1343694
New Hampshire,2016,New Hampshire2016,Male & Female,Lung and Bronchus,1175,64.72,798,44.86,0.693,1343694
New Hampshire,2016,New Hampshire2016,Male & Female,Pancreas,234,13.14,173,9.42,0.716,1343694
New Hampshire,2017,New Hampshire2017,Male & Female,Colon and Rectum,590,33.48,235,13.02,0.389,1350395
New Hampshire,2017,New Hampshire2017,Male & Female,Lung and Bronchus,1186,63.29,700,38.72,0.612,1350395
New Hampshire,2017,New Hampshire2017,Male & Female,Pancreas,247,13.59,189,10.25,0.754,1350395
New Hampshire,2018,New Hampshire2018,Male & Female,Colon and Rectum,639,36.65,227,12.38,0.338,1355064
New Hampshire,2018,New Hampshire2018,Male & Female,Lung and Bronchus,1155,60.36,684,35.79,0.593,1355064
New Hampshire,2018,New Hampshire2018,Male & Female,Pancreas,257,13.71,203,10.83,0.790,1355064
New Hampshire,2019,New Hampshire2019,Male & Female,Colon and Rectum,670,37.04,210,11.22,0.303,1360783
New Hampshire,2019,New Hampshire2019,Male & Female,Lung and Bronchus,1245,62.77,660,34.28,0.546,1360783
New Hampshire,2019,New Hampshire2019,Male & Female,Pancreas,272,13.64,252,12.94,0.948,1360783
New Hampshire,2020,New Hampshire2020,Male & Female,Colon and Rectum,555,30.76,204,10.84,0.352,1366275
New Hampshire,2020,New Hampshire2020,Male & Female,Lung and Bronchus,1087,53.23,651,32.29,0.607,1366275
New Hampshire,2020,New Hampshire2020,Male & Female,Pancreas,263,13.67,238,11.96,0.875,1366275
New Jersey,2010,New Jersey2010,Male & Female,Colon and Rectum,4388,44.17,1618,16.02,0.363,8799451
New Jersey,2010,New Jersey2010,Male & Female,Lung and Bronchus,5800,59.11,4171,42.25,0.715,8799451
New Jersey,2010,New Jersey2010,Male & Female,Pancreas,1340,13.41,1156,11.61,0.865,8799451
New Jersey,2011,New Jersey2011,Male & Female,Colon and Rectum,4384,43.59,1578,15.44,0.354,8828552
New Jersey,2011,New Jersey2011,Male & Female,Lung and Bronchus,6015,60.25,4119,41.33,0.686,8828552
New Jersey,2011,New Jersey2011,Male & Female,Pancreas,1426,14.16,1193,11.85,0.836,8828552
New Jersey,2012,New Jersey2012,Male & Female,Colon and Rectum,4386,42.64,1630,15.63,0.367,8845671
New Jersey,2012,New Jersey2012,Male & Female,Lung and Bronchus,5901,57.91,4041,39.44,0.681,8845671
New Jersey,2012,New Jersey2012,Male & Female,Pancreas,1396,13.52,1175,11.29,0.835,8845671
New Jersey,2013,New Jersey2013,Male & Female,Colon and Rectum,4329,41.75,1542,14.58,0.349,8857821
New Jersey,2013,New Jersey2013,Male & Female,Lung and Bronchus,6060,58.42,4006,38.54,0.660,8857821
New Jersey,2013,New Jersey2013,Male & Female,Pancreas,1514,14.47,1219,11.61,0.802,8857821
New Jersey,2014,New Jersey2014,Male & Female,Colon and Rectum,4420,41.80,1519,14.06,0.336,8867277
New Jersey,2014,New Jersey2014,Male & Female,Lung and Bronchus,5992,56.71,3956,37.29,0.657,8867277
New Jersey,2014,New Jersey2014,Male & Female,Pancreas,1537,14.33,1204,11.14,0.778,8867277
New Jersey,2015,New Jersey2015,Male & Female,Colon and Rectum,4396,41.31,1530,14.05,0.340,8870312
New Jersey,2015,New Jersey2015,Male & Female,Lung and Bronchus,6099,56.69,3779,34.89,0.615,8870312
New Jersey,2015,New Jersey2015,Male & Female,Pancreas,1533,14.23,1243,11.47,0.806,8870312
New Jersey,2016,New Jersey2016,Male & Female,Colon and Rectum,4394,40.76,1567,14.27,0.350,8873584
New Jersey,2016,New Jersey2016,Male & Female,Lung and Bronchus,6043,55.37,3703,33.85,0.611,8873584
New Jersey,2016,New Jersey2016,Male & Female,Pancreas,1529,13.86,1153,10.42,0.752,8873584
New Jersey,2017,New Jersey2017,Male & Female,Colon and Rectum,4341,39.96,1499,13.34,0.334,8888147
New Jersey,2017,New Jersey2017,Male & Female,Lung and Bronchus,5857,52.35,3562,31.82,0.608,8888147
New Jersey,2017,New Jersey2017,Male & Female,Pancreas,1735,15.51,1336,11.87,0.765,8888147
New Jersey,2018,New Jersey2018,Male & Female,Colon and Rectum,4179,37.67,1470,12.90,0.343,8891730
New Jersey,2018,New Jersey2018,Male & Female,Lung and Bronchus,6124,53.59,3488,30.59,0.571,8891730
New Jersey,2018,New Jersey2018,Male & Female,Pancreas,1675,14.64,1299,11.42,0.780,8891730
New Jersey,2019,New Jersey2019,Male & Female,Colon and Rectum,4459,40.07,1401,12.23,0.305,8891258
New Jersey,2019,New Jersey2019,Male & Female,Lung and Bronchus,5919,50.97,3326,28.75,0.564,8891258
New Jersey,2019,New Jersey2019,Male & Female,Pancreas,1775,15.37,1302,11.13,0.724,8891258
New Jersey,2020,New Jersey2020,Male & Female,Colon and Rectum,3971,35.49,1413,12.12,0.342,8882371
New Jersey,2020,New Jersey2020,Male & Female,Lung and Bronchus,5305,44.92,3132,26.55,0.591,8882371
New Jersey,2020,New Jersey2020,Male & Female,Pancreas,1720,14.69,1388,11.74,0.799,8882371
New Mexico,2010,New Mexico2010,Male & Female,Colon and Rectum,820,36.20,313,14.09,0.389,2064614
New Mexico,2010,New Mexico2010,Male & Female,Lung and Bronchus,964,42.98,756,34.16,0.795,2064614
New Mexico,2010,New Mexico2010,Male & Female,Pancreas,224,9.94,202,9.07,0.912,2064614
New Mexico,2011,New Mexico2011,Male & Female,Colon and Rectum,841,36.23,334,14.74,0.407,2080707
New Mexico,2011,New Mexico2011,Male & Female,Lung and Bronchus,981,42.52,703,30.76,0.723,2080707
New Mexico,2011,New Mexico2011,Male & Female,Pancreas,237,10.10,224,9.64,0.955,2080707
New Mexico,2012,New Mexico2012,Male & Female,Colon and Rectum,776,33.49,322,13.70,0.409,2087715
New Mexico,2012,New Mexico2012,Male & Female,Lung and Bronchus,987,41.38,764,32.70,0.790,2087715
New Mexico,2012,New Mexico2012,Male & Female,Pancreas,261,10.96,214,9.03,0.823,2087715
New Mexico,2013,New Mexico2013,Male & Female,Colon and Rectum,793,33.13,338,14.27,0.431,2092833
New Mexico,2013,New Mexico2013,Male & Female,Lung and Bronchus,996,41.05,736,30.62,0.746,2092833
New Mexico,2013,New Mexico2013,Male & Female,Pancreas,303,12.27,257,10.52,0.857,2092833
New Mexico,2014,New Mexico2014,Male & Female,Colon and Rectum,813,33.43,325,13.46,0.403,2090236
New Mexico,2014,New Mexico2014,Male & Female,Lung and Bronchus,988,39.85,736,29.92,0.751,2090236
New Mexico,2014,New Mexico2014,Male & Female,Pancreas,250,9.94,216,8.68,0.873,2090236
New Mexico,2015,New Mexico2015,Male & Female,Colon and Rectum,835,33.32,335,13.52,0.406,2090071
New Mexico,2015,New Mexico2015,Male & Female,Lung and Bronchus,1032,40.77,744,29.59,0.726,2090071
New Mexico,2015,New Mexico2015,Male & Female,Pancreas,304,12.07,260,10.03,0.831,2090071
New Mexico,2016,New Mexico2016,Male & Female,Colon and Rectum,889,35.21,321,12.83,0.364,2092555
New Mexico,2016,New Mexico2016,Male & Female,Lung and Bronchus,1025,39.27,701,27.24,0.694,2092555
New Mexico,2016,New Mexico2016,Male & Female,Pancreas,313,12.17,258,9.85,0.809,2092555
New Mexico,2017,New Mexico2017,Male & Female,Colon and Rectum,854,33.81,355,13.89,0.411,2092844
New Mexico,2017,New Mexico2017,Male & Female,Lung and Bronchus,969,36.19,678,25.68,0.710,2092844
New Mexico,2017,New Mexico2017,Male & Female,Pancreas,298,11.15,268,9.87,0.885,2092844
New Mexico,2018,New Mexico2018,Male & Female,Colon and Rectum,876,34.38,334,12.92,0.376,2093754
New Mexico,2018,New Mexico2018,Male & Female,Lung and Bronchus,967,34.53,631,22.56,0.654,2093754
New Mexico,2018,New Mexico2018,Male & Female,Pancreas,318,11.63,249,8.98,0.772,2093754
New Mexico,2019,New Mexico2019,Male & Female,Colon and Rectum,818,31.75,299,11.06,0.348,2099634
New Mexico,2019,New Mexico2019,Male & Female,Lung and Bronchus,925,32.37,630,22.24,0.687,2099634
New Mexico,2019,New Mexico2019,Male & Female,Pancreas,353,12.61,275,9.87,0.783,2099634
New Mexico,2020,New Mexico2020,Male & Female,Colon and Rectum,780,30.00,328,12.23,0.407,2106319
New Mexico,2020,New Mexico2020,Male & Female,Lung and Bronchus,794,27.20,610,20.90,0.768,2106319
New Mexico,2020,New Mexico2020,Male & Female,Pancreas,303,10.38,290,9.96,0.960,2106319
New York,2010,New York2010,Male & Female,Colon and Rectum,9441,43.50,3316,15.04,0.346,19399956
New York,2010,New York2010,Male & Female,Lung and Bronchus,13495,62.37,9112,42.08,0.675,19399956
New York,2010,New York2010,Male & Female,Pancreas,3016,13.84,2460,11.16,0.807,19399956
New York,2011,New York2011,Male & Female,Colon and Rectum,9196,41.89,3277,14.57,0.348,19499921
New York,2011,New York2011,Male & Female,Lung and Bronchus,13822,62.70,9059,41.01,0.654,19499921
New York,2011,New York2011,Male & Female,Pancreas,3114,14.02,2502,11.23,0.801,19499921
New York,2012,New York2012,Male & Female,Colon and Rectum,8817,39.44,3217,14.12,0.358,19574362
New York,2012,New York2012,Male & Female,Lung and Bronchus,13736,61.13,9206,41.06,0.672,19574362
New York,2012,New York2012,Male & Female,Pancreas,3147,13.92,2599,11.46,0.823,19574362
New York,2013,New York2013,Male & Female,Colon and Rectum,9089,39.98,3189,13.75,0.344,19626488
New York,2013,New York2013,Male & Female,Lung and Bronchus,13806,60.41,9074,39.50,0.654,19626488
New York,2013,New York2013,Male & Female,Pancreas,3227,13.91,2597,11.21,0.806,19626488
New York,2014,New York2014,Male & Female,Colon and Rectum,9070,39.34,3125,13.23,0.336,19653431
New York,2014,New York2014,Male & Female,Lung and Bronchus,13597,58.07,8563,36.64,0.631,19653431
New York,2014,New York2014,Male & Female,Pancreas,3320,14.16,2648,11.22,0.792,19653431
New York,2015,New York2015,Male & Female,Colon and Rectum,8997,38.63,3110,12.99,0.336,19657321
New York,2015,New York2015,Male & Female,Lung and Bronchus,14143,59.42,8551,35.84,0.603,19657321
New York,2015,New York2015,Male & Female,Pancreas,3358,14.03,2559,10.65,0.759,19657321
New York,2016,New York2016,Male & Female,Colon and Rectum,9077,38.57,3021,12.44,0.322,19636391
New York,2016,New York2016,Male & Female,Lung and Bronchus,14066,57.99,8135,33.53,0.578,19636391
New York,2016,New York2016,Male & Female,Pancreas,3464,14.36,2739,11.24,0.782,19636391
New York,2017,New York2017,Male & Female,Colon and Rectum,9076,38.14,3154,12.83,0.337,19593849
New York,2017,New York2017,Male & Female,Lung and Bronchus,14566,59.03,7821,31.53,0.534,19593849
New York,2017,New York2017,Male & Female,Pancreas,3651,14.84,2785,11.23,0.757,19593849
New York,2018,New York2018,Male & Female,Colon and Rectum,8828,36.73,2855,11.58,0.315,19544098
New York,2018,New York2018,Male & Female,Lung and Bronchus,14312,56.87,7732,30.61,0.538,19544098
New York,2018,New York2018,Male & Female,Pancreas,3616,14.45,2754,10.85,0.751,19544098
New York,2019,New York2019,Male & Female,Colon and Rectum,9002,37.17,2844,11.28,0.303,19463131
New York,2019,New York2019,Male & Female,Lung and Bronchus,14307,55.65,7372,28.55,0.513,19463131
New York,2019,New York2019,Male & Female,Pancreas,3702,14.62,2769,10.82,0.740,19463131
New York,2020,New York2020,Male & Female,Colon and Rectum,7981,32.84,2866,11.27,0.343,19336776
New York,2020,New York2020,Male & Female,Lung and Bronchus,12481,47.85,6918,26.47,0.553,19336776
New York,2020,New York2020,Male & Female,Pancreas,3583,13.89,2791,10.76,0.775,19336776
North Carolina,2010,North Carolina2010,Male & Female,Colon and Rectum,4096,39.79,1477,14.60,0.367,9574586
North Carolina,2010,North Carolina2010,Male & Female,Lung and Bronchus,7557,72.86,5514,53.74,0.738,9574586
North Carolina,2010,North Carolina2010,Male & Female,Pancreas,1263,12.16,1084,10.58,0.870,9574586
North Carolina,2011,North Carolina2011,Male & Female,Colon and Rectum,4133,39.31,1481,14.18,0.361,9658913
North Carolina,2011,North Carolina2011,Male & Female,Lung and Bronchus,7512,70.42,5535,52.53,0.746,9658913
North Carolina,2011,North Carolina2011,Male & Female,Pancreas,1279,12.07,1070,10.20,0.845,9658913
North Carolina,2012,North Carolina2012,Male & Female,Colon and Rectum,4046,37.46,1537,14.37,0.384,9751810
North Carolina,2012,North Carolina2012,Male & Female,Lung and Bronchus,7722,70.12,5458,49.95,0.712,9751810
North Carolina,2012,North Carolina2012,Male & Female,Pancreas,1316,12.08,1179,10.85,0.898,9751810
North Carolina,2013,North Carolina2013,Male & Female,Colon and Rectum,4203,37.86,1441,13.08,0.346,9846717
North Carolina,2013,North Carolina2013,Male & Female,Lung and Bronchus,8044,71.27,5510,49.25,0.691,9846717
North Carolina,2013,North Carolina2013,Male & Female,Pancreas,1496,13.29,1241,11.15,0.839,9846717
North Carolina,2014,North Carolina2014,Male & Female,Colon and Rectum,4266,37.39,1607,14.26,0.381,9937295
North Carolina,2014,North Carolina2014,Male & Female,Lung and Bronchus,8138,69.64,5606,48.53,0.697,9937295
North Carolina,2014,North Carolina2014,Male & Female,Pancreas,1500,12.98,1259,10.93,0.842,9937295
North Carolina,2015,North Carolina2015,Male & Female,Colon and Rectum,4476,38.25,1649,14.29,0.374,10037218
North Carolina,2015,North Carolina2015,Male & Female,Lung and Bronchus,8379,69.43,5470,45.75,0.659,10037218
North Carolina,2015,North Carolina2015,Male & Female,Pancreas,1538,13.08,1316,11.22,0.858,10037218
North Carolina,2016,North Carolina2016,Male & Female,Colon and Rectum,4438,37.24,1578,13.15,0.353,10161802
North Carolina,2016,North Carolina2016,Male & Female,Lung and Bronchus,8321,67.23,5573,45.35,0.674,10161802
North Carolina,2016,North Carolina2016,Male & Female,Pancreas,1607,13.12,1331,10.94,0.834,10161802
North Carolina,2017,North Carolina2017,Male & Female,Colon and Rectum,4404,36.12,1529,12.51,0.346,10275758
North Carolina,2017,North Carolina2017,Male & Female,Lung and Bronchus,8347,64.87,5286,41.93,0.646,10275758
North Carolina,2017,North Carolina2017,Male & Female,Pancreas,1697,13.43,1365,10.84,0.807,10275758
North Carolina,2018,North Carolina2018,Male & Female,Colon and Rectum,4523,36.27,1577,12.60,0.347,10391358
North Carolina,2018,North Carolina2018,Male & Female,Lung and Bronchus,8468,63.99,5189,39.60,0.619,10391358
North Carolina,2018,North Carolina2018,Male & Female,Pancreas,1791,13.80,1417,10.93,0.792,10391358
North Carolina,2019,North Carolina2019,Male & Female,Colon and Rectum,4404,34.61,1622,12.65,0.365,10501384
North Carolina,2019,North Carolina2019,Male & Female,Lung and Bronchus,8599,62.81,5109,37.83,0.602,10501384
North Carolina,2019,North Carolina2019,Male & Female,Pancreas,1787,13.39,1438,10.74,0.803,10501384
North Carolina,2020,North Carolina2020,Male & Female,Colon and Rectum,3963,30.65,1584,12.07,0.394,10600823
North Carolina,2020,North Carolina2020,Male & Female,Lung and Bronchus,7862,55.62,5014,36.00,0.647,10600823
North Carolina,2020,North Carolina2020,Male & Female,Pancreas,1722,12.64,1517,11.02,0.872,10600823
North Dakota,2010,North Dakota2010,Male & Female,Colon and Rectum,366,47.02,143,17.37,0.369,674752
North Dakota,2010,North Dakota2010,Male & Female,Lung and Bronchus,440,56.47,298,37.37,0.662,674752
North Dakota,2010,North Dakota2010,Male & Female,Pancreas,91,11.10,74,9.04,0.815,674752
North Dakota,2011,North Dakota2011,Male & Female,Colon and Rectum,369,45.66,132,15.91,0.348,685526
North Dakota,2011,North Dakota2011,Male & Female,Lung and Bronchus,483,60.76,331,41.13,0.677,685526
North Dakota,2011,North Dakota2011,Male & Female,Pancreas,99,12.09,99,11.86,0.981,685526
North Dakota,2012,North Dakota2012,Male & Female,Colon and Rectum,408,51.23,112,13.07,0.255,702227
North Dakota,2012,North Dakota2012,Male & Female,Lung and Bronchus,486,59.51,348,42.64,0.716,702227
North Dakota,2012,North Dakota2012,Male & Female,Pancreas,97,12.01,89,10.68,0.889,702227
North Dakota,2013,North Dakota2013,Male & Female,Colon and Rectum,392,48.03,135,15.69,0.327,723149
North Dakota,2013,North Dakota2013,Male & Female,Lung and Bronchus,474,57.99,344,41.04,0.708,723149
North Dakota,2013,North Dakota2013,Male & Female,Pancreas,97,11.66,78,9.04,0.776,723149
North Dakota,2014,North Dakota2014,Male & Female,Colon and Rectum,364,43.97,124,14.57,0.331,738736
North Dakota,2014,North Dakota2014,Male & Female,Lung and Bronchus,510,60.52,326,38.84,0.642,738736
North Dakota,2014,North Dakota2014,Male & Female,Pancreas,98,12.04,76,8.71,0.723,738736
North Dakota,2015,North Dakota2015,Male & Female,Colon and Rectum,368,44.08,110,12.40,0.281,755537
North Dakota,2015,North Dakota2015,Male & Female,Lung and Bronchus,466,55.49,291,34.48,0.621,755537
North Dakota,2015,North Dakota2015,Male & Female,Pancreas,106,12.40,105,11.88,0.958,755537
North Dakota,2016,North Dakota2016,Male & Female,Colon and Rectum,340,40.07,121,14.15,0.353,756114
North Dakota,2016,North Dakota2016,Male & Female,Lung and Bronchus,475,55.33,304,34.57,0.625,756114
North Dakota,2016,North Dakota2016,Male & Female,Pancreas,112,13.30,78,8.80,0.662,756114
North Dakota,2017,North Dakota2017,Male & Female,Colon and Rectum,364,42.88,101,11.01,0.257,756755
North Dakota,2017,North Dakota2017,Male & Female,Lung and Bronchus,531,61.15,310,34.80,0.569,756755
North Dakota,2017,North Dakota2017,Male & Female,Pancreas,105,11.64,104,11.87,1.020,756755
North Dakota,2018,North Dakota2018,Male & Female,Colon and Rectum,327,37.73,116,13.11,0.347,760062
North Dakota,2018,North Dakota2018,Male & Female,Lung and Bronchus,534,59.81,292,32.83,0.549,760062
North Dakota,2018,North Dakota2018,Male & Female,Pancreas,110,12.40,107,11.78,0.950,760062
North Dakota,2019,North Dakota2019,Male & Female,Colon and Rectum,334,39.27,138,14.98,0.382,763724
North Dakota,2019,North Dakota2019,Male & Female,Lung and Bronchus,504,54.41,317,33.25,0.611,763724
North Dakota,2019,North Dakota2019,Male & Female,Pancreas,98,10.53,84,8.97,0.852,763724
North Dakota,2020,North Dakota2020,Male & Female,Colon and Rectum,302,34.16,117,12.58,0.368,765309
North Dakota,2020,North Dakota2020,Male & Female,Lung and Bronchus,472,50.35,282,29.97,0.595,765309
North Dakota,2020,North Dakota2020,Male & Female,Pancreas,103,10.82,106,11.34,1.048,765309
Ohio,2010,Ohio2010,Male & Female,Colon and Rectum,5606,42.04,2311,17.24,0.410,11539449
Ohio,2010,Ohio2010,Male & Female,Lung and Bronchus,9767,72.76,7345,54.71,0.752,11539449
Ohio,2010,Ohio2010,Male & Female,Pancreas,1708,12.60,1543,11.48,0.911,11539449
Ohio,2011,Ohio2011,Male & Female,Colon and Rectum,5712,42.42,2253,16.49,0.389,11545735
Ohio,2011,Ohio2011,Male & Female,Lung and Bronchus,9827,72.36,7402,54.54,0.754,11545735
Ohio,2011,Ohio2011,Male & Female,Pancreas,1654,12.09,1555,11.37,0.941,11545735
Ohio,2012,Ohio2012,Male & Female,Colon and Rectum,5609,40.89,2247,16.13,0.395,11550971
Ohio,2012,Ohio2012,Male & Female,Lung and Bronchus,9695,69.85,7525,54.23,0.776,11550971
Ohio,2012,Ohio2012,Male & Female,Pancreas,1804,12.90,1656,11.81,0.916,11550971
Ohio,2013,Ohio2013,Male & Female,Colon and Rectum,5732,41.17,2258,16.12,0.391,11579692
Ohio,2013,Ohio2013,Male & Female,Lung and Bronchus,9798,69.36,7258,51.36,0.740,11579692
Ohio,2013,Ohio2013,Male & Female,Pancreas,1808,12.73,1561,11.04,0.867,11579692
Ohio,2014,Ohio2014,Male & Female,Colon and Rectum,5929,42.18,2247,15.66,0.371,11606573
Ohio,2014,Ohio2014,Male & Female,Lung and Bronchus,10054,69.72,7156,49.67,0.712,11606573
Ohio,2014,Ohio2014,Male & Female,Pancreas,1902,13.11,1693,11.71,0.893,11606573
Ohio,2015,Ohio2015,Male & Female,Colon and Rectum,6096,43.01,2169,15.04,0.350,11622315
Ohio,2015,Ohio2015,Male & Female,Lung and Bronchus,10296,70.27,7193,48.99,0.697,11622315
Ohio,2015,Ohio2015,Male & Female,Pancreas,1988,13.65,1770,12.11,0.887,11622315
Ohio,2016,Ohio2016,Male & Female,Colon and Rectum,5850,40.95,2261,15.45,0.377,11640060
Ohio,2016,Ohio2016,Male & Female,Lung and Bronchus,10087,67.76,7105,47.81,0.705,11640060
Ohio,2016,Ohio2016,Male & Female,Pancreas,1904,12.81,1714,11.50,0.897,11640060
Ohio,2017,Ohio2017,Male & Female,Colon and Rectum,5869,40.39,2206,14.98,0.371,11665706
Ohio,2017,Ohio2017,Male & Female,Lung and Bronchus,10091,66.13,6796,44.69,0.676,11665706
Ohio,2017,Ohio2017,Male & Female,Pancreas,2029,13.49,1854,12.23,0.907,11665706
Ohio,2018,Ohio2018,Male & Female,Colon and Rectum,5989,41.06,2183,14.65,0.357,11680892
Ohio,2018,Ohio2018,Male & Female,Lung and Bronchus,10388,66.91,6666,42.90,0.641,11680892
Ohio,2018,Ohio2018,Male & Female,Pancreas,2292,14.94,1913,12.46,0.834,11680892
Ohio,2019,Ohio2019,Male & Female,Colon and Rectum,5696,38.35,2118,13.79,0.360,11696507
Ohio,2019,Ohio2019,Male & Female,Lung and Bronchus,10469,65.98,6449,40.96,0.621,11696507
Ohio,2019,Ohio2019,Male & Female,Pancreas,2216,14.16,2005,12.69,0.896,11696507
Ohio,2020,Ohio2020,Male & Female,Colon and Rectum,5171,35.01,2122,13.76,0.393,11693217
Ohio,2020,Ohio2020,Male & Female,Lung and Bronchus,9276,57.31,6230,38.71,0.675,11693217
Ohio,2020,Ohio2020,Male & Female,Pancreas,2103,13.22,1864,11.75,0.889,11693217
Oklahoma,2010,Oklahoma2010,Male & Female,Colon and Rectum,1726,42.12,666,16.32,0.387,3760014
Oklahoma,2010,Oklahoma2010,Male & Female,Lung and Bronchus,2946,70.54,2402,57.86,0.820,3760014
Oklahoma,2010,Oklahoma2010,Male & Female,Pancreas,486,11.74,478,11.47,0.977,3760014
Oklahoma,2011,Oklahoma2011,Male & Female,Colon and Rectum,1762,42.19,700,16.71,0.396,3788824
Oklahoma,2011,Oklahoma2011,Male & Female,Lung and Bronchus,3084,72.89,2501,59.38,0.815,3788824
Oklahoma,2011,Oklahoma2011,Male & Female,Pancreas,511,12.25,457,10.90,0.890,3788824
Oklahoma,2012,Oklahoma2012,Male & Female,Colon and Rectum,1830,43.58,748,17.72,0.407,3819320
Oklahoma,2012,Oklahoma2012,Male & Female,Lung and Bronchus,3062,71.07,2380,55.40,0.780,3819320
Oklahoma,2012,Oklahoma2012,Male & Female,Pancreas,548,12.84,463,11.01,0.858,3819320
Oklahoma,2013,Oklahoma2013,Male & Female,Colon and Rectum,1872,43.37,746,17.30,0.399,3853891
Oklahoma,2013,Oklahoma2013,Male & Female,Lung and Bronchus,3131,70.95,2490,56.94,0.803,3853891
Oklahoma,2013,Oklahoma2013,Male & Female,Pancreas,488,11.18,489,11.18,1.000,3853891
Oklahoma,2014,Oklahoma2014,Male & Female,Colon and Rectum,1767,40.62,712,16.28,0.401,3879187
Oklahoma,2014,Oklahoma2014,Male & Female,Lung and Bronchus,3234,71.93,2373,53.13,0.739,3879187
Oklahoma,2014,Oklahoma2014,Male & Female,Pancreas,544,12.24,476,10.65,0.871,3879187
Oklahoma,2015,Oklahoma2015,Male & Female,Colon and Rectum,1856,42.17,803,17.90,0.425,3910518
Oklahoma,2015,Oklahoma2015,Male & Female,Lung and Bronchus,3199,69.40,2459,54.11,0.780,3910518
Oklahoma,2015,Oklahoma2015,Male & Female,Pancreas,534,11.87,493,10.84,0.913,3910518
Oklahoma,2016,Oklahoma2016,Male & Female,Colon and Rectum,1912,42.81,757,16.97,0.396,3928143
Oklahoma,2016,Oklahoma2016,Male & Female,Lung and Bronchus,3007,64.36,2300,49.65,0.771,3928143
Oklahoma,2016,Oklahoma2016,Male & Female,Pancreas,505,10.96,514,11.16,1.019,3928143
Oklahoma,2017,Oklahoma2017,Male & Female,Colon and Rectum,1866,41.34,766,16.72,0.404,3933602
Oklahoma,2017,Oklahoma2017,Male & Female,Lung and Bronchus,3036,63.41,2210,46.73,0.737,3933602
Oklahoma,2017,Oklahoma2017,Male & Female,Pancreas,560,11.96,518,11.12,0.929,3933602
Oklahoma,2018,Oklahoma2018,Male & Female,Colon and Rectum,1866,40.79,733,15.77,0.387,3943488
Oklahoma,2018,Oklahoma2018,Male & Female,Lung and Bronchus,3225,66.36,2274,46.84,0.706,3943488
Oklahoma,2018,Oklahoma2018,Male & Female,Pancreas,588,12.38,541,11.27,0.910,3943488
Oklahoma,2019,Oklahoma2019,Male & Female,Colon and Rectum,1843,39.46,720,15.39,0.390,3960676
Oklahoma,2019,Oklahoma2019,Male & Female,Lung and Bronchus,3279,66.38,2282,46.47,0.700,3960676
Oklahoma,2019,Oklahoma2019,Male & Female,Pancreas,621,12.50,540,10.94,0.875,3960676
Oklahoma,2020,Oklahoma2020,Male & Female,Colon and Rectum,1613,34.45,794,16.57,0.481,3980783
Oklahoma,2020,Oklahoma2020,Male & Female,Lung and Bronchus,2825,55.60,2158,42.86,0.771,3980783
Oklahoma,2020,Oklahoma2020,Male & Female,Pancreas,614,12.49,551,11.11,0.890,3980783
Oregon,2010,Oregon2010,Male & Female,Colon and Rectum,1662,37.98,645,14.60,0.384,3837614
Oregon,2010,Oregon2010,Male & Female,Lung and Bronchus,2618,59.28,2066,47.15,0.795,3837614
Oregon,2010,Oregon2010,Male & Female,Pancreas,517,11.68,498,11.25,0.963,3837614
Oregon,2011,Oregon2011,Male & Female,Colon and Rectum,1655,37.10,710,15.76,0.425,3872672
Oregon,2011,Oregon2011,Male & Female,Lung and Bronchus,2791,62.25,2063,46.08,0.740,3872672
Oregon,2011,Oregon2011,Male & Female,Pancreas,554,12.21,505,11.01,0.902,3872672
Oregon,2012,Oregon2012,Male & Female,Colon and Rectum,1651,36.30,632,13.78,0.380,3900102
Oregon,2012,Oregon2012,Male & Female,Lung and Bronchus,2712,58.47,2104,45.55,0.779,3900102
Oregon,2012,Oregon2012,Male & Female,Pancreas,561,11.93,520,11.16,0.936,3900102
Oregon,2013,Oregon2013,Male & Female,Colon and Rectum,1687,36.31,670,14.19,0.391,3924110
Oregon,2013,Oregon2013,Male & Female,Lung and Bronchus,2804,59.08,2008,42.50,0.719,3924110
Oregon,2013,Oregon2013,Male & Female,Pancreas,621,12.85,464,9.68,0.753,3924110
Oregon,2014,Oregon2014,Male & Female,Colon and Rectum,1708,35.57,614,12.95,0.364,3965447
Oregon,2014,Oregon2014,Male & Female,Lung and Bronchus,2775,56.73,1980,40.47,0.713,3965447
Oregon,2014,Oregon2014,Male & Female,Pancreas,679,13.97,570,11.69,0.837,3965447
Oregon,2015,Oregon2015,Male & Female,Colon and Rectum,1724,35.41,655,13.11,0.370,4018542
Oregon,2015,Oregon2015,Male & Female,Lung and Bronchus,2831,55.99,1958,38.99,0.696,4018542
Oregon,2015,Oregon2015,Male & Female,Pancreas,701,13.96,638,12.61,0.903,4018542
Oregon,2016,Oregon2016,Male & Female,Colon and Rectum,1692,34.12,659,13.25,0.388,4093271
Oregon,2016,Oregon2016,Male & Female,Lung and Bronchus,2796,53.76,1891,36.52,0.679,4093271
Oregon,2016,Oregon2016,Male & Female,Pancreas,664,12.72,596,11.53,0.907,4093271
Oregon,2017,Oregon2017,Male & Female,Colon and Rectum,1801,35.29,635,12.34,0.350,4147294
Oregon,2017,Oregon2017,Male & Female,Lung and Bronchus,2872,52.87,1865,35.12,0.664,4147294
Oregon,2017,Oregon2017,Male & Female,Pancreas,748,14.02,640,12.17,0.868,4147294
Oregon,2018,Oregon2018,Male & Female,Colon and Rectum,1690,32.59,656,12.35,0.379,4183538
Oregon,2018,Oregon2018,Male & Female,Lung and Bronchus,2782,50.04,1810,32.90,0.657,4183538
Oregon,2018,Oregon2018,Male & Female,Pancreas,706,12.68,619,11.25,0.887,4183538
Oregon,2019,Oregon2019,Male & Female,Colon and Rectum,1742,33.49,669,12.36,0.369,4216116
Oregon,2019,Oregon2019,Male & Female,Lung and Bronchus,2797,48.54,1781,31.22,0.643,4216116
Oregon,2019,Oregon2019,Male & Female,Pancreas,674,11.96,608,10.71,0.896,4216116
Oregon,2020,Oregon2020,Male & Female,Colon and Rectum,1523,28.82,618,11.20,0.389,4241507
Oregon,2020,Oregon2020,Male & Female,Lung and Bronchus,2432,41.26,1790,30.68,0.744,4241507
Oregon,2020,Oregon2020,Male & Female,Pancreas,722,12.83,627,10.92,0.851,4241507
Pennsylvania,2010,Pennsylvania2010,Male & Female,Colon and Rectum,7026,44.63,2772,16.97,0.380,12711406
Pennsylvania,2010,Pennsylvania2010,Male & Female,Lung and Bronchus,10659,67.38,7793,48.92,0.726,12711406
Pennsylvania,2010,Pennsylvania2010,Male & Female,Pancreas,2171,13.49,1892,11.62,0.861,12711406
Pennsylvania,2011,Pennsylvania2011,Male & Female,Colon and Rectum,7133,44.84,2601,15.83,0.353,12747052
Pennsylvania,2011,Pennsylvania2011,Male & Female,Lung and Bronchus,10768,67.29,7690,47.51,0.706,12747052
Pennsylvania,2011,Pennsylvania2011,Male & Female,Pancreas,2252,13.87,1944,11.85,0.855,12747052
Pennsylvania,2012,Pennsylvania2012,Male & Female,Colon and Rectum,6932,43.05,2641,15.91,0.370,12769123
Pennsylvania,2012,Pennsylvania2012,Male & Female,Lung and Bronchus,10574,64.90,7712,46.84,0.722,12769123
Pennsylvania,2012,Pennsylvania2012,Male & Female,Pancreas,2199,13.32,1947,11.67,0.876,12769123
Pennsylvania,2013,Pennsylvania2013,Male & Female,Colon and Rectum,6987,42.85,2657,15.82,0.369,12779538
Pennsylvania,2013,Pennsylvania2013,Male & Female,Lung and Bronchus,10776,65.12,7536,45.13,0.693,12779538
Pennsylvania,2013,Pennsylvania2013,Male & Female,Pancreas,2247,13.52,1868,11.09,0.820,12779538
Pennsylvania,2014,Pennsylvania2014,Male & Female,Colon and Rectum,6741,40.96,2546,14.98,0.366,12792392
Pennsylvania,2014,Pennsylvania2014,Male & Female,Lung and Bronchus,10782,63.93,7426,43.77,0.685,12792392
Pennsylvania,2014,Pennsylvania2014,Male & Female,Pancreas,2393,14.13,2046,11.99,0.849,12792392
Pennsylvania,2015,Pennsylvania2015,Male & Female,Colon and Rectum,6934,42.32,2572,15.05,0.356,12789838
Pennsylvania,2015,Pennsylvania2015,Male & Female,Lung and Bronchus,10931,63.96,7408,43.09,0.674,12789838
Pennsylvania,2015,Pennsylvania2015,Male & Female,Pancreas,2560,15.00,2096,12.15,0.810,12789838
Pennsylvania,2016,Pennsylvania2016,Male & Female,Colon and Rectum,6806,40.93,2540,14.65,0.358,12788468
Pennsylvania,2016,Pennsylvania2016,Male & Female,Lung and Bronchus,11009,63.30,7173,41.04,0.648,12788468
Pennsylvania,2016,Pennsylvania2016,Male & Female,Pancreas,2506,14.42,2141,12.20,0.846,12788468
Pennsylvania,2017,Pennsylvania2017,Male & Female,Colon and Rectum,6646,39.58,2485,14.11,0.356,12794679
Pennsylvania,2017,Pennsylvania2017,Male & Female,Lung and Bronchus,11085,62.56,6910,38.74,0.619,12794679
Pennsylvania,2017,Pennsylvania2017,Male & Female,Pancreas,2606,14.80,2203,12.33,0.833,12794679
Pennsylvania,2018,Pennsylvania2018,Male & Female,Colon and Rectum,6487,38.29,2466,13.97,0.365,12809107
Pennsylvania,2018,Pennsylvania2018,Male & Female,Lung and Bronchus,11081,61.44,6778,37.37,0.608,12809107
Pennsylvania,2018,Pennsylvania2018,Male & Female,Pancreas,2584,14.56,2172,12.06,0.828,12809107
Pennsylvania,2019,Pennsylvania2019,Male & Female,Colon and Rectum,6689,39.41,2320,13.01,0.330,12798883
Pennsylvania,2019,Pennsylvania2019,Male & Female,Lung and Bronchus,11070,60.17,6581,35.73,0.594,12798883
Pennsylvania,2019,Pennsylvania2019,Male & Female,Pancreas,2654,14.69,2124,11.66,0.794,12798883
Pennsylvania,2020,Pennsylvania2020,Male & Female,Colon and Rectum,5688,33.26,2342,13.00,0.391,12783254
Pennsylvania,2020,Pennsylvania2020,Male & Female,Lung and Bronchus,9467,50.70,6290,33.56,0.662,12783254
Pennsylvania,2020,Pennsylvania2020,Male & Female,Pancreas,2577,14.08,2196,11.85,0.842,12783254
Rhode Island,2010,Rhode Island2010,Male & Female,Colon and Rectum,536,43.07,207,16.04,0.372,1053994
Rhode Island,2010,Rhode Island2010,Male & Female,Lung and Bronchus,854,69.15,614,48.93,0.708,1053994
Rhode Island,2010,Rhode Island2010,Male & Female,Pancreas,149,11.70,142,11.19,0.957,1053994
Rhode Island,2011,Rhode Island2011,Male & Female,Colon and Rectum,497,39.19,196,14.86,0.379,1053829
Rhode Island,2011,Rhode Island2011,Male & Female,Lung and Bronchus,851,67.81,599,48.02,0.708,1053829
Rhode Island,2011,Rhode Island2011,Male & Female,Pancreas,141,11.03,127,9.95,0.903,1053829
Rhode Island,2012,Rhode Island2012,Male & Female,Colon and Rectum,492,38.13,193,14.08,0.369,1054893
Rhode Island,2012,Rhode Island2012,Male & Female,Lung and Bronchus,939,72.12,628,48.12,0.667,1054893
Rhode Island,2012,Rhode Island2012,Male & Female,Pancreas,166,12.85,125,9.33,0.726,1054893
Rhode Island,2013,Rhode Island2013,Male & Female,Colon and Rectum,465,35.92,179,12.93,0.360,1055560
Rhode Island,2013,Rhode Island2013,Male & Female,Lung and Bronchus,953,73.50,665,50.43,0.686,1055560
Rhode Island,2013,Rhode Island2013,Male & Female,Pancreas,186,13.56,163,12.31,0.908,1055560
Rhode Island,2014,Rhode Island2014,Male & Female,Colon and Rectum,497,37.63,187,13.75,0.365,1056511
Rhode Island,2014,Rhode Island2014,Male & Female,Lung and Bronchus,950,72.25,631,47.71,0.660,1056511
Rhode Island,2014,Rhode Island2014,Male & Female,Pancreas,165,12.85,141,10.27,0.799,1056511
Rhode Island,2015,Rhode Island2015,Male & Female,Colon and Rectum,428,33.05,173,12.87,0.389,1056886
Rhode Island,2015,Rhode Island2015,Male & Female,Lung and Bronchus,974,72.98,640,46.98,0.644,1056886
Rhode Island,2015,Rhode Island2015,Male & Female,Pancreas,156,11.68,153,11.66,0.998,1056886
Rhode Island,2016,Rhode Island2016,Male & Female,Colon and Rectum,415,31.52,175,12.51,0.397,1057816
Rhode Island,2016,Rhode Island2016,Male & Female,Lung and Bronchus,1016,74.07,570,41.62,0.562,1057816
Rhode Island,2016,Rhode Island2016,Male & Female,Pancreas,201,14.85,180,13.22,0.890,1057816
Rhode Island,2017,Rhode Island2017,Male & Female,Colon and Rectum,449,32.83,144,10.40,0.317,1056554
Rhode Island,2017,Rhode Island2017,Male & Female,Lung and Bronchus,946,67.83,556,39.63,0.584,1056554
Rhode Island,2017,Rhode Island2017,Male & Female,Pancreas,178,12.67,154,10.96,0.865,1056554
Rhode Island,2018,Rhode Island2018,Male & Female,Colon and Rectum,476,35.20,175,12.33,0.350,1059338
Rhode Island,2018,Rhode Island2018,Male & Female,Lung and Bronchus,924,64.70,522,35.73,0.552,1059338
Rhode Island,2018,Rhode Island2018,Male & Female,Pancreas,172,12.32,168,11.60,0.942,1059338
Rhode Island,2019,Rhode Island2019,Male & Female,Colon and Rectum,462,34.17,168,11.79,0.345,1058158
Rhode Island,2019,Rhode Island2019,Male & Female,Lung and Bronchus,934,64.58,531,36.45,0.564,1058158
Rhode Island,2019,Rhode Island2019,Male & Female,Pancreas,207,14.40,182,12.67,0.880,1058158
Rhode Island,2020,Rhode Island2020,Male & Female,Colon and Rectum,399,29.18,164,11.23,0.385,1057125
Rhode Island,2020,Rhode Island2020,Male & Female,Lung and Bronchus,732,49.41,512,34.40,0.696,1057125
Rhode Island,2020,Rhode Island2020,Male & Female,Pancreas,195,13.41,153,10.16,0.758,1057125
South Carolina,2010,South Carolina2010,Male & Female,Colon and Rectum,2202,42.38,891,17.22,0.406,4635846
South Carolina,2010,South Carolina2010,Male & Female,Lung and Bronchus,3707,70.03,2723,52.46,0.749,4635846
South Carolina,2010,South Carolina2010,Male & Female,Pancreas,696,13.56,558,10.93,0.806,4635846
South Carolina,2011,South Carolina2011,Male & Female,Colon and Rectum,2122,39.90,834,15.98,0.401,4672655
South Carolina,2011,South Carolina2011,Male & Female,Lung and Bronchus,3726,68.89,2783,51.79,0.752,4672655
South Carolina,2011,South Carolina2011,Male & Female,Pancreas,718,13.54,621,11.84,0.875,4672655
South Carolina,2012,South Carolina2012,Male & Female,Colon and Rectum,2148,39.28,816,15.14,0.385,4719027
South Carolina,2012,South Carolina2012,Male & Female,Lung and Bronchus,3916,69.41,2865,51.82,0.747,4719027
South Carolina,2012,South Carolina2012,Male & Female,Pancreas,707,12.71,623,11.33,0.892,4719027
South Carolina,2013,South Carolina2013,Male & Female,Colon and Rectum,2130,37.88,823,14.88,0.393,4766469
South Carolina,2013,South Carolina2013,Male & Female,Lung and Bronchus,3896,66.99,2833,49.35,0.737,4766469
South Carolina,2013,South Carolina2013,Male & Female,Pancreas,745,13.28,608,10.93,0.823,4766469
South Carolina,2014,South Carolina2014,Male & Female,Colon and Rectum,2176,37.65,833,14.40,0.382,4826858
South Carolina,2014,South Carolina2014,Male & Female,Lung and Bronchus,4021,66.92,2773,46.63,0.697,4826858
South Carolina,2014,South Carolina2014,Male & Female,Pancreas,774,13.17,643,11.05,0.839,4826858
South Carolina,2015,South Carolina2015,Male & Female,Colon and Rectum,2398,40.95,853,14.64,0.357,4896006
South Carolina,2015,South Carolina2015,Male & Female,Lung and Bronchus,4110,65.92,2775,45.05,0.683,4896006
South Carolina,2015,South Carolina2015,Male & Female,Pancreas,810,13.39,666,11.17,0.834,4896006
South Carolina,2016,South Carolina2016,Male & Female,Colon and Rectum,2343,38.67,865,14.27,0.369,4963031
South Carolina,2016,South Carolina2016,Male & Female,Lung and Bronchus,3965,61.35,2704,42.48,0.692,4963031
South Carolina,2016,South Carolina2016,Male & Female,Pancreas,900,14.43,741,11.83,0.820,4963031
South Carolina,2017,South Carolina2017,Male & Female,Colon and Rectum,2207,35.18,865,13.62,0.387,5027102
South Carolina,2017,South Carolina2017,Male & Female,Lung and Bronchus,4200,62.59,2700,41.10,0.657,5027102
South Carolina,2017,South Carolina2017,Male & Female,Pancreas,898,13.85,768,11.82,0.853,5027102
South Carolina,2018,South Carolina2018,Male & Female,Colon and Rectum,2305,36.43,828,12.95,0.355,5091702
South Carolina,2018,South Carolina2018,Male & Female,Lung and Bronchus,4172,59.95,2658,38.82,0.648,5091702
South Carolina,2018,South Carolina2018,Male & Female,Pancreas,940,13.94,761,11.33,0.813,5091702
South Carolina,2019,South Carolina2019,Male & Female,Colon and Rectum,2376,36.41,878,13.30,0.365,5157702
South Carolina,2019,South Carolina2019,Male & Female,Lung and Bronchus,4170,58.00,2671,37.79,0.652,5157702
South Carolina,2019,South Carolina2019,Male & Female,Pancreas,888,12.77,775,11.17,0.875,5157702
South Carolina,2020,South Carolina2020,Male & Female,Colon and Rectum,2105,31.45,897,13.17,0.419,5218040
South Carolina,2020,South Carolina2020,Male & Female,Lung and Bronchus,3857,52.12,2692,36.78,0.706,5218040
South Carolina,2020,South Carolina2020,Male & Female,Pancreas,924,12.83,799,11.11,0.866,5218040
South Dakota,2010,South Dakota2010,Male & Female,Colon and Rectum,490,51.96,166,16.46,0.317,816193
South Dakota,2010,South Dakota2010,Male & Female,Lung and Bronchus,583,61.76,433,45.40,0.735,816193
South Dakota,2010,South Dakota2010,Male & Female,Pancreas,108,11.25,99,10.15,0.903,816193
South Dakota,2011,South Dakota2011,Male & Female,Colon and Rectum,448,46.65,136,13.77,0.295,823740
South Dakota,2011,South Dakota2011,Male & Female,Lung and Bronchus,557,58.36,457,47.27,0.810,823740
South Dakota,2011,South Dakota2011,Male & Female,Pancreas,108,11.01,94,9.44,0.858,823740
South Dakota,2012,South Dakota2012,Male & Female,Colon and Rectum,410,41.72,164,16.10,0.386,833859
South Dakota,2012,South Dakota2012,Male & Female,Lung and Bronchus,572,58.51,435,43.91,0.751,833859
South Dakota,2012,South Dakota2012,Male & Female,Pancreas,133,13.64,106,10.75,0.788,833859
South Dakota,2013,South Dakota2013,Male & Female,Colon and Rectum,424,42.22,167,16.80,0.398,842751
South Dakota,2013,South Dakota2013,Male & Female,Lung and Bronchus,624,62.53,415,41.48,0.663,842751
South Dakota,2013,South Dakota2013,Male & Female,Pancreas,110,10.92,108,10.62,0.973,842751
South Dakota,2014,South Dakota2014,Male & Female,Colon and Rectum,459,45.96,187,17.79,0.387,849670
South Dakota,2014,South Dakota2014,Male & Female,Lung and Bronchus,601,59.15,446,43.26,0.731,849670
South Dakota,2014,South Dakota2014,Male & Female,Pancreas,132,13.20,119,11.43,0.866,849670
South Dakota,2015,South Dakota2015,Male & Female,Colon and Rectum,406,41.09,169,16.06,0.391,854663
South Dakota,2015,South Dakota2015,Male & Female,Lung and Bronchus,603,58.21,427,40.89,0.702,854663
South Dakota,2015,South Dakota2015,Male & Female,Pancreas,124,11.73,110,10.41,0.888,854663
South Dakota,2016,South Dakota2016,Male & Female,Colon and Rectum,420,41.31,163,15.43,0.373,863693
South Dakota,2016,South Dakota2016,Male & Female,Lung and Bronchus,646,60.82,420,39.43,0.648,863693
South Dakota,2016,South Dakota2016,Male & Female,Pancreas,154,14.41,127,11.86,0.823,863693
South Dakota,2017,South Dakota2017,Male & Female,Colon and Rectum,428,40.69,161,14.33,0.352,873732
South Dakota,2017,South Dakota2017,Male & Female,Lung and Bronchus,621,57.92,422,38.65,0.667,873732
South Dakota,2017,South Dakota2017,Male & Female,Pancreas,141,12.91,124,11.57,0.896,873732
South Dakota,2018,South Dakota2018,Male & Female,Colon and Rectum,420,39.78,166,14.98,0.377,879386
South Dakota,2018,South Dakota2018,Male & Female,Lung and Bronchus,616,53.89,395,35.28,0.655,879386
South Dakota,2018,South Dakota2018,Male & Female,Pancreas,154,13.72,116,10.03,0.731,879386
South Dakota,2019,South Dakota2019,Male & Female,Colon and Rectum,446,41.65,150,13.73,0.330,887127
South Dakota,2019,South Dakota2019,Male & Female,Lung and Bronchus,686,59.06,430,37.26,0.631,887127
South Dakota,2019,South Dakota2019,Male & Female,Pancreas,138,12.23,142,12.31,1.006,887127
South Dakota,2020,South Dakota2020,Male & Female,Colon and Rectum,382,35.56,154,13.02,0.366,892717
South Dakota,2020,South Dakota2020,Male & Female,Lung and Bronchus,574,48.07,372,31.24,0.650,892717
South Dakota,2020,South Dakota2020,Male & Female,Pancreas,151,13.23,128,10.86,0.821,892717
Tennessee,2010,Tennessee2010,Male & Female,Colon and Rectum,3060,43.58,1207,17.34,0.398,6355518
Tennessee,2010,Tennessee2010,Male & Female,Lung and Bronchus,5634,78.66,4415,62.37,0.793,6355518
Tennessee,2010,Tennessee2010,Male & Female,Pancreas,841,11.84,782,11.20,0.946,6355518
Tennessee,2011,Tennessee2011,Male & Female,Colon and Rectum,2931,40.93,1253,17.68,0.432,6400298
Tennessee,2011,Tennessee2011,Male & Female,Lung and Bronchus,5596,76.24,4321,59.35,0.779,6400298
Tennessee,2011,Tennessee2011,Male & Female,Pancreas,865,11.77,786,10.81,0.919,6400298
Tennessee,2012,Tennessee2012,Male & Female,Colon and Rectum,3050,41.69,1202,16.64,0.399,6455752
Tennessee,2012,Tennessee2012,Male & Female,Lung and Bronchus,5755,76.30,4359,58.66,0.769,6455752
Tennessee,2012,Tennessee2012,Male & Female,Pancreas,879,11.83,796,10.70,0.904,6455752
Tennessee,2013,Tennessee2013,Male & Female,Colon and Rectum,2914,38.97,1219,16.45,0.422,6496943
Tennessee,2013,Tennessee2013,Male & Female,Lung and Bronchus,5842,75.91,4315,56.49,0.744,6496943
Tennessee,2013,Tennessee2013,Male & Female,Pancreas,948,12.52,852,11.33,0.905,6496943
Tennessee,2014,Tennessee2014,Male & Female,Colon and Rectum,3165,41.65,1150,15.23,0.366,6544617
Tennessee,2014,Tennessee2014,Male & Female,Lung and Bronchus,5911,74.96,4434,56.67,0.756,6544617
Tennessee,2014,Tennessee2014,Male & Female,Pancreas,980,12.41,917,11.71,0.943,6544617
Tennessee,2015,Tennessee2015,Male & Female,Colon and Rectum,3162,40.46,1199,15.51,0.383,6595354
Tennessee,2015,Tennessee2015,Male & Female,Lung and Bronchus,6322,78.34,4355,54.40,0.694,6595354
Tennessee,2015,Tennessee2015,Male & Female,Pancreas,1000,12.54,877,10.95,0.873,6595354
Tennessee,2016,Tennessee2016,Male & Female,Colon and Rectum,3252,41.07,1205,15.19,0.370,6651277
Tennessee,2016,Tennessee2016,Male & Female,Lung and Bronchus,6088,73.18,4337,53.31,0.728,6651277
Tennessee,2016,Tennessee2016,Male & Female,Pancreas,1047,12.79,886,10.88,0.851,6651277
Tennessee,2017,Tennessee2017,Male & Female,Colon and Rectum,3247,40.34,1228,14.92,0.370,6714748
Tennessee,2017,Tennessee2017,Male & Female,Lung and Bronchus,6326,74.31,4001,47.47,0.639,6714748
Tennessee,2017,Tennessee2017,Male & Female,Pancreas,1061,12.79,935,11.19,0.875,6714748
Tennessee,2018,Tennessee2018,Male & Female,Colon and Rectum,3243,39.73,1196,14.46,0.364,6778180
Tennessee,2018,Tennessee2018,Male & Female,Lung and Bronchus,6276,71.48,3935,45.40,0.635,6778180
Tennessee,2018,Tennessee2018,Male & Female,Pancreas,1102,12.90,965,11.40,0.884,6778180
Tennessee,2019,Tennessee2019,Male & Female,Colon and Rectum,3235,38.79,1258,15.01,0.387,6830325
Tennessee,2019,Tennessee2019,Male & Female,Lung and Bronchus,6291,69.91,4051,45.64,0.653,6830325
Tennessee,2019,Tennessee2019,Male & Female,Pancreas,1043,12.04,944,10.90,0.905,6830325
Tennessee,2020,Tennessee2020,Male & Female,Colon and Rectum,3061,36.26,1210,14.23,0.392,6886834
Tennessee,2020,Tennessee2020,Male & Female,Lung and Bronchus,5530,60.12,3974,43.58,0.725,6886834
Tennessee,2020,Tennessee2020,Male & Female,Pancreas,1153,13.04,1015,11.48,0.881,6886834
Texas,2010,Texas2010,Male & Female,Colon and Rectum,9314,40.53,3481,15.59,0.385,25241897
Texas,2010,Texas2010,Male & Female,Lung and Bronchus,13056,58.42,9519,43.29,0.741,25241897
Texas,2010,Texas2010,Male & Female,Pancreas,2711,12.00,2322,10.47,0.873,25241897
Texas,2011,Texas2011,Male & Female,Colon and Rectum,9328,39.27,3474,15.05,0.383,25645504
Texas,2011,Texas2011,Male & Female,Lung and Bronchus,12853,55.55,9705,42.68,0.768,25645504
Texas,2011,Texas2011,Male & Female,Pancreas,2752,11.85,2342,10.23,0.863,25645504
Texas,2012,Texas2012,Male & Female,Colon and Rectum,9513,38.80,3535,14.78,0.381,26084120
Texas,2012,Texas2012,Male & Female,Lung and Bronchus,13315,55.84,9665,41.07,0.735,26084120
Texas,2012,Texas2012,Male & Female,Pancreas,2938,12.30,2428,10.35,0.841,26084120
Texas,2013,Texas2013,Male & Female,Colon and Rectum,9666,38.33,3581,14.66,0.382,26479646
Texas,2013,Texas2013,Male & Female,Lung and Bronchus,13226,53.74,9439,38.96,0.725,26479646
Texas,2013,Texas2013,Male & Female,Pancreas,2980,11.99,2457,10.10,0.843,26479646
Texas,2014,Texas2014,Male & Female,Colon and Rectum,9915,37.97,3586,14.09,0.371,26963092
Texas,2014,Texas2014,Male & Female,Lung and Bronchus,13383,52.64,9558,38.17,0.725,26963092
Texas,2014,Texas2014,Male & Female,Pancreas,3121,12.18,2572,10.20,0.837,26963092
Texas,2015,Texas2015,Male & Female,Colon and Rectum,10372,38.56,3679,14.03,0.364,27468531
Texas,2015,Texas2015,Male & Female,Lung and Bronchus,13306,50.47,9155,35.27,0.699,27468531
Texas,2015,Texas2015,Male & Female,Pancreas,3336,12.65,2665,10.27,0.812,27468531
Texas,2016,Texas2016,Male & Female,Colon and Rectum,10293,37.29,3847,14.24,0.382,27914064
Texas,2016,Texas2016,Male & Female,Lung and Bronchus,13566,50.06,9193,34.44,0.688,27914064
Texas,2016,Texas2016,Male & Female,Pancreas,3513,12.90,2809,10.44,0.809,27914064
Texas,2017,Texas2017,Male & Female,Colon and Rectum,10798,37.98,3831,13.77,0.362,28291024
Texas,2017,Texas2017,Male & Female,Lung and Bronchus,13773,49.21,9109,33.01,0.671,28291024
Texas,2017,Texas2017,Male & Female,Pancreas,3623,12.90,2815,10.17,0.789,28291024
Texas,2018,Texas2018,Male & Female,Colon and Rectum,11379,39.11,3901,13.67,0.350,28624564
Texas,2018,Texas2018,Male & Female,Lung and Bronchus,13942,48.15,8725,30.64,0.636,28624564
Texas,2018,Texas2018,Male & Female,Pancreas,3835,13.27,2905,10.10,0.761,28624564
Texas,2019,Texas2019,Male & Female,Colon and Rectum,11358,38.05,4028,13.77,0.362,28986794
Texas,2019,Texas2019,Male & Female,Lung and Bronchus,13712,45.79,8723,29.72,0.649,28986794
Texas,2019,Texas2019,Male & Female,Pancreas,3900,13.12,3130,10.59,0.807,28986794
Texas,2020,Texas2020,Male & Female,Colon and Rectum,10122,33.16,4026,13.26,0.400,29360759
Texas,2020,Texas2020,Male & Female,Lung and Bronchus,12349,39.88,8789,28.98,0.727,29360759
Texas,2020,Texas2020,Male & Female,Pancreas,3789,12.36,3198,10.63,0.860,29360759
Utah,2010,Utah2010,Male & Female,Colon and Rectum,696,31.68,251,12.00,0.379,2775413
Utah,2010,Utah2010,Male & Female,Lung and Bronchus,583,27.60,459,21.54,0.781,2775413
Utah,2010,Utah2010,Male & Female,Pancreas,223,10.44,204,9.67,0.927,2775413
Utah,2011,Utah2011,Male & Female,Colon and Rectum,736,33.00,247,11.38,0.345,2814797
Utah,2011,Utah2011,Male & Female,Lung and Bronchus,659,30.02,440,20.18,0.672,2814797
Utah,2011,Utah2011,Male & Female,Pancreas,244,11.12,205,9.44,0.850,2814797
Utah,2012,Utah2012,Male & Female,Colon and Rectum,702,30.55,239,10.67,0.349,2854146
Utah,2012,Utah2012,Male & Female,Lung and Bronchus,698,30.80,453,20.48,0.665,2854146
Utah,2012,Utah2012,Male & Female,Pancreas,303,13.24,229,10.24,0.774,2854146
Utah,2013,Utah2013,Male & Female,Colon and Rectum,764,32.34,252,10.98,0.339,2898773
Utah,2013,Utah2013,Male & Female,Lung and Bronchus,624,26.77,437,18.78,0.701,2898773
Utah,2013,Utah2013,Male & Female,Pancreas,242,10.31,249,10.57,1.026,2898773
Utah,2014,Utah2014,Male & Female,Colon and Rectum,744,30.34,276,11.78,0.388,2938327
Utah,2014,Utah2014,Male & Female,Lung and Bronchus,632,26.36,452,19.24,0.730,2938327
Utah,2014,Utah2014,Male & Female,Pancreas,263,10.87,233,9.64,0.887,2938327
Utah,2015,Utah2015,Male & Female,Colon and Rectum,718,28.31,277,11.52,0.407,2983626
Utah,2015,Utah2015,Male & Female,Lung and Bronchus,659,26.52,471,19.20,0.724,2983626
Utah,2015,Utah2015,Male & Female,Pancreas,285,11.57,228,9.37,0.810,2983626
Utah,2016,Utah2016,Male & Female,Colon and Rectum,746,28.44,285,11.33,0.398,3044241
Utah,2016,Utah2016,Male & Female,Lung and Bronchus,666,25.75,468,18.44,0.716,3044241
Utah,2016,Utah2016,Male & Female,Pancreas,263,10.13,243,9.27,0.916,3044241
Utah,2017,Utah2017,Male & Female,Colon and Rectum,809,30.37,272,10.43,0.343,3103540
Utah,2017,Utah2017,Male & Female,Lung and Bronchus,687,25.70,451,17.27,0.672,3103540
Utah,2017,Utah2017,Male & Female,Pancreas,305,11.24,232,8.70,0.774,3103540
Utah,2018,Utah2018,Male & Female,Colon and Rectum,820,29.49,267,9.82,0.333,3155153
Utah,2018,Utah2018,Male & Female,Lung and Bronchus,746,26.76,447,16.54,0.618,3155153
Utah,2018,Utah2018,Male & Female,Pancreas,333,12.03,263,9.66,0.803,3155153
Utah,2019,Utah2019,Male & Female,Colon and Rectum,820,28.84,321,11.48,0.398,3203383
Utah,2019,Utah2019,Male & Female,Lung and Bronchus,769,26.69,444,15.75,0.590,3203383
Utah,2019,Utah2019,Male & Female,Pancreas,336,11.91,273,9.66,0.811,3203383
Utah,2020,Utah2020,Male & Female,Colon and Rectum,793,27.23,293,10.08,0.370,3249879
Utah,2020,Utah2020,Male & Female,Lung and Bronchus,598,19.83,443,15.12,0.762,3249879
Utah,2020,Utah2020,Male & Female,Pancreas,350,11.85,299,10.37,0.876,3249879
Vermont,2010,Vermont2010,Male & Female,Colon and Rectum,287,37.07,127,16.70,0.450,625886
Vermont,2010,Vermont2010,Male & Female,Lung and Bronchus,546,71.91,405,53.85,0.749,625886
Vermont,2010,Vermont2010,Male & Female,Pancreas,90,11.77,77,9.96,0.846,625886
Vermont,2011,Vermont2011,Male & Female,Colon and Rectum,306,39.51,108,14.35,0.363,627197
Vermont,2011,Vermont2011,Male & Female,Lung and Bronchus,528,67.95,376,49.00,0.721,627197
Vermont,2011,Vermont2011,Male & Female,Pancreas,93,12.40,83,10.80,0.871,627197
Vermont,2012,Vermont2012,Male & Female,Colon and Rectum,313,40.32,106,13.18,0.327,626361
Vermont,2012,Vermont2012,Male & Female,Lung and Bronchus,536,65.36,345,42.63,0.652,626361
Vermont,2012,Vermont2012,Male & Female,Pancreas,126,16.06,100,13.00,0.809,626361
Vermont,2013,Vermont2013,Male & Female,Colon and Rectum,269,33.71,113,14.28,0.424,626603
Vermont,2013,Vermont2013,Male & Female,Lung and Bronchus,505,61.24,351,42.65,0.696,626603
Vermont,2013,Vermont2013,Male & Female,Pancreas,95,11.89,97,11.99,1.008,626603
Vermont,2014,Vermont2014,Male & Female,Colon and Rectum,285,35.08,108,13.06,0.372,625693
Vermont,2014,Vermont2014,Male & Female,Lung and Bronchus,533,64.52,397,48.66,0.754,625693
Vermont,2014,Vermont2014,Male & Female,Pancreas,97,11.77,86,10.54,0.895,625693
Vermont,2015,Vermont2015,Male & Female,Colon and Rectum,284,34.69,126,15.49,0.447,625810
Vermont,2015,Vermont2015,Male & Female,Lung and Bronchus,530,61.94,352,41.78,0.674,625810
Vermont,2015,Vermont2015,Male & Female,Pancreas,92,10.35,86,9.79,0.946,625810
Vermont,2016,Vermont2016,Male & Female,Colon and Rectum,287,33.99,136,15.99,0.470,624366
Vermont,2016,Vermont2016,Male & Female,Lung and Bronchus,551,62.89,366,41.62,0.662,624366
Vermont,2016,Vermont2016,Male & Female,Pancreas,109,12.38,88,10.34,0.835,624366
Vermont,2017,Vermont2017,Male & Female,Colon and Rectum,305,36.14,128,15.39,0.426,625132
Vermont,2017,Vermont2017,Male & Female,Lung and Bronchus,522,58.54,356,39.72,0.678,625132
Vermont,2017,Vermont2017,Male & Female,Pancreas,121,13.94,101,10.97,0.787,625132
Vermont,2018,Vermont2018,Male & Female,Colon and Rectum,293,35.48,114,13.19,0.372,624802
Vermont,2018,Vermont2018,Male & Female,Lung and Bronchus,538,58.68,326,36.40,0.620,624802
Vermont,2018,Vermont2018,Male & Female,Pancreas,109,12.11,107,11.79,0.974,624802
Vermont,2019,Vermont2019,Male & Female,Colon and Rectum,280,32.95,109,12.33,0.374,624046
Vermont,2019,Vermont2019,Male & Female,Lung and Bronchus,527,55.26,306,32.40,0.586,624046
Vermont,2019,Vermont2019,Male & Female,Pancreas,131,14.33,112,12.12,0.846,624046
Vermont,2020,Vermont2020,Male & Female,Colon and Rectum,239,27.88,125,13.88,0.498,623347
Vermont,2020,Vermont2020,Male & Female,Lung and Bronchus,448,46.67,303,32.15,0.689,623347
Vermont,2020,Vermont2020,Male & Female,Pancreas,106,11.20,97,10.24,0.914,623347
Virginia,2010,Virginia2010,Male & Female,Colon and Rectum,3169,37.82,1237,15.20,0.402,8024004
Virginia,2010,Virginia2010,Male & Female,Lung and Bronchus,5282,63.57,3974,48.53,0.763,8024004
Virginia,2010,Virginia2010,Male & Female,Pancreas,941,11.23,878,10.54,0.939,8024004
Virginia,2011,Virginia2011,Male & Female,Colon and Rectum,3152,36.77,1176,14.00,0.381,8102437
Virginia,2011,Virginia2011,Male & Female,Lung and Bronchus,5180,60.81,4000,47.52,0.782,8102437
Virginia,2011,Virginia2011,Male & Female,Pancreas,1075,12.56,938,11.15,0.888,8102437
Virginia,2012,Virginia2012,Male & Female,Colon and Rectum,3295,37.47,1241,14.41,0.385,8187456
Virginia,2012,Virginia2012,Male & Female,Lung and Bronchus,5489,62.34,3998,46.10,0.739,8187456
Virginia,2012,Virginia2012,Male & Female,Pancreas,1089,12.42,952,10.92,0.879,8187456
Virginia,2013,Virginia2013,Male & Female,Colon and Rectum,3238,35.94,1203,13.62,0.379,8255861
Virginia,2013,Virginia2013,Male & Female,Lung and Bronchus,5343,59.02,3894,43.35,0.734,8255861
Virginia,2013,Virginia2013,Male & Female,Pancreas,1118,12.48,998,11.25,0.902,8255861
Virginia,2014,Virginia2014,Male & Female,Colon and Rectum,3414,36.98,1263,13.90,0.376,8315430
Virginia,2014,Virginia2014,Male & Female,Lung and Bronchus,5424,58.28,3900,42.36,0.727,8315430
Virginia,2014,Virginia2014,Male & Female,Pancreas,1114,11.88,991,10.85,0.914,8315430
Virginia,2015,Virginia2015,Male & Female,Colon and Rectum,3269,34.58,1303,14.06,0.407,8367303
Virginia,2015,Virginia2015,Male & Female,Lung and Bronchus,5510,57.26,3900,41.23,0.720,8367303
Virginia,2015,Virginia2015,Male & Female,Pancreas,1183,12.42,1028,10.91,0.878,8367303
Virginia,2016,Virginia2016,Male & Female,Colon and Rectum,3364,35.27,1291,13.53,0.384,8417651
Virginia,2016,Virginia2016,Male & Female,Lung and Bronchus,5687,57.12,3759,38.58,0.675,8417651
Virginia,2016,Virginia2016,Male & Female,Pancreas,1238,12.57,1070,11.01,0.876,8417651
Virginia,2017,Virginia2017,Male & Female,Colon and Rectum,3430,35.14,1311,13.46,0.383,8471011
Virginia,2017,Virginia2017,Male & Female,Lung and Bronchus,5437,53.53,3710,36.83,0.688,8471011
Virginia,2017,Virginia2017,Male & Female,Pancreas,1218,12.16,1139,11.40,0.938,8471011
Virginia,2018,Virginia2018,Male & Female,Colon and Rectum,3472,34.61,1328,13.26,0.383,8510920
Virginia,2018,Virginia2018,Male & Female,Lung and Bronchus,5417,51.78,3657,35.41,0.684,8510920
Virginia,2018,Virginia2018,Male & Female,Pancreas,1308,12.62,1145,11.19,0.887,8510920
Virginia,2019,Virginia2019,Male & Female,Colon and Rectum,3429,33.99,1316,12.80,0.376,8556642
Virginia,2019,Virginia2019,Male & Female,Lung and Bronchus,5585,51.92,3573,33.84,0.652,8556642
Virginia,2019,Virginia2019,Male & Female,Pancreas,1413,13.33,1132,10.68,0.801,8556642
Virginia,2020,Virginia2020,Male & Female,Colon and Rectum,3052,29.88,1344,12.92,0.432,8590563
Virginia,2020,Virginia2020,Male & Female,Lung and Bronchus,5150,46.66,3530,32.51,0.697,8590563
Virginia,2020,Virginia2020,Male & Female,Pancreas,1343,12.47,1218,11.40,0.914,8590563
Washington,2010,Washington2010,Male & Female,Colon and Rectum,2707,38.23,962,13.79,0.361,6743009
Washington,2010,Washington2010,Male & Female,Lung and Bronchus,4432,63.88,3236,46.85,0.733,6743009
Washington,2010,Washington2010,Male & Female,Pancreas,860,12.14,817,11.63,0.958,6743009
Washington,2011,Washington2011,Male & Female,Colon and Rectum,2730,38.02,1027,14.24,0.375,6827479
Washington,2011,Washington2011,Male & Female,Lung and Bronchus,4320,60.48,3130,44.09,0.729,6827479
Washington,2011,Washington2011,Male & Female,Pancreas,920,12.85,776,10.81,0.841,6827479
Washington,2012,Washington2012,Male & Female,Colon and Rectum,2698,36.32,969,13.04,0.359,6898599
Washington,2012,Washington2012,Male & Female,Lung and Bronchus,4435,60.41,3112,42.61,0.705,6898599
Washington,2012,Washington2012,Male & Female,Pancreas,974,13.02,820,11.20,0.860,6898599
Washington,2013,Washington2013,Male & Female,Colon and Rectum,2765,36.09,970,12.73,0.353,6966252
Washington,2013,Washington2013,Male & Female,Lung and Bronchus,4292,56.44,3020,40.09,0.710,6966252
Washington,2013,Washington2013,Male & Female,Pancreas,965,12.59,782,10.18,0.809,6966252
Washington,2014,Washington2014,Male & Female,Colon and Rectum,2888,36.53,916,11.73,0.321,7057531
Washington,2014,Washington2014,Male & Female,Lung and Bronchus,4515,57.45,3036,38.87,0.677,7057531
Washington,2014,Washington2014,Male & Female,Pancreas,990,12.45,866,11.15,0.895,7057531
Washington,2015,Washington2015,Male & Female,Colon and Rectum,2768,34.54,1004,12.58,0.364,7167287
Washington,2015,Washington2015,Male & Female,Lung and Bronchus,4436,54.66,3116,38.85,0.711,7167287
Washington,2015,Washington2015,Male & Female,Pancreas,1030,12.47,883,10.83,0.868,7167287
Washington,2016,Washington2016,Male & Female,Colon and Rectum,3005,36.62,1031,12.50,0.341,7299961
Washington,2016,Washington2016,Male & Female,Lung and Bronchus,4579,54.61,2911,35.33,0.647,7299961
Washington,2016,Washington2016,Male & Female,Pancreas,1122,13.27,864,10.23,0.771,7299961
Washington,2017,Washington2017,Male & Female,Colon and Rectum,2979,35.48,1046,12.43,0.350,7427951
Washington,2017,Washington2017,Male & Female,Lung and Bronchus,4536,51.90,2928,34.00,0.655,7427951
Washington,2017,Washington2017,Male & Female,Pancreas,1142,13.24,945,11.00,0.831,7427951
Washington,2018,Washington2018,Male & Female,Colon and Rectum,2958,34.64,996,11.42,0.330,7526793
Washington,2018,Washington2018,Male & Female,Lung and Bronchus,4564,50.51,2770,31.18,0.617,7526793
Washington,2018,Washington2018,Male & Female,Pancreas,1257,13.99,979,10.98,0.784,7526793
Washington,2019,Washington2019,Male & Female,Colon and Rectum,2989,34.13,1071,12.03,0.353,7614024
Washington,2019,Washington2019,Male & Female,Lung and Bronchus,4618,49.33,2841,31.06,0.630,7614024
Washington,2019,Washington2019,Male & Female,Pancreas,1208,13.27,980,10.67,0.804,7614024
Washington,2020,Washington2020,Male & Female,Colon and Rectum,2650,30.12,1001,11.13,0.369,7693612
Washington,2020,Washington2020,Male & Female,Lung and Bronchus,3980,41.42,2660,28.11,0.679,7693612
Washington,2020,Washington2020,Male & Female,Pancreas,1193,12.69,1049,11.25,0.887,7693612
West Virginia,2010,West Virginia2010,Male & Female,Colon and Rectum,1074,45.83,410,17.37,0.379,1854265
West Virginia,2010,West Virginia2010,Male & Female,Lung and Bronchus,1953,80.53,1555,64.67,0.803,1854265
West Virginia,2010,West Virginia2010,Male & Female,Pancreas,250,10.50,223,9.35,0.890,1854265
West Virginia,2011,West Virginia2011,Male & Female,Colon and Rectum,1154,48.26,437,18.38,0.381,1856606
West Virginia,2011,West Virginia2011,Male & Female,Lung and Bronchus,2045,83.45,1502,61.87,0.741,1856606
West Virginia,2011,West Virginia2011,Male & Female,Pancreas,292,11.84,247,10.11,0.854,1856606
West Virginia,2012,West Virginia2012,Male & Female,Colon and Rectum,1106,45.77,416,17.18,0.375,1857446
West Virginia,2012,West Virginia2012,Male & Female,Lung and Bronchus,2013,80.28,1483,59.61,0.743,1857446
West Virginia,2012,West Virginia2012,Male & Female,Pancreas,303,12.37,291,11.69,0.945,1857446
West Virginia,2013,West Virginia2013,Male & Female,Colon and Rectum,1177,48.07,484,19.69,0.410,1854768
West Virginia,2013,West Virginia2013,Male & Female,Lung and Bronchus,2098,82.14,1437,56.88,0.692,1854768
West Virginia,2013,West Virginia2013,Male & Female,Pancreas,293,11.51,253,9.95,0.865,1854768
West Virginia,2014,West Virginia2014,Male & Female,Colon and Rectum,1156,47.59,454,18.11,0.381,1850569
West Virginia,2014,West Virginia2014,Male & Female,Lung and Bronchus,2067,80.16,1496,58.14,0.725,1850569
West Virginia,2014,West Virginia2014,Male & Female,Pancreas,315,12.80,262,10.42,0.814,1850569
West Virginia,2015,West Virginia2015,Male & Female,Colon and Rectum,1172,48.00,463,18.39,0.383,1843332
West Virginia,2015,West Virginia2015,Male & Female,Lung and Bronchus,2120,80.71,1492,57.17,0.708,1843332
West Virginia,2015,West Virginia2015,Male & Female,Pancreas,285,11.06,284,11.08,1.002,1843332
West Virginia,2016,West Virginia2016,Male & Female,Colon and Rectum,1112,44.70,448,17.66,0.395,1832435
West Virginia,2016,West Virginia2016,Male & Female,Lung and Bronchus,2033,76.89,1392,53.01,0.689,1832435
West Virginia,2016,West Virginia2016,Male & Female,Pancreas,308,12.27,262,10.13,0.825,1832435
West Virginia,2017,West Virginia2017,Male & Female,Colon and Rectum,1154,46.50,394,15.45,0.332,1818683
West Virginia,2017,West Virginia2017,Male & Female,Lung and Bronchus,2235,83.61,1338,49.39,0.591,1818683
West Virginia,2017,West Virginia2017,Male & Female,Pancreas,345,13.14,277,10.61,0.807,1818683
West Virginia,2018,West Virginia2018,Male & Female,Colon and Rectum,1120,45.65,451,17.78,0.389,1805953
West Virginia,2018,West Virginia2018,Male & Female,Lung and Bronchus,2083,76.81,1361,50.47,0.657,1805953
West Virginia,2018,West Virginia2018,Male & Female,Pancreas,356,13.65,297,11.27,0.825,1805953
West Virginia,2019,West Virginia2019,Male & Female,Colon and Rectum,1104,43.43,423,15.94,0.367,1795263
West Virginia,2019,West Virginia2019,Male & Female,Lung and Bronchus,2040,74.57,1314,48.28,0.647,1795263
West Virginia,2019,West Virginia2019,Male & Female,Pancreas,333,12.84,316,11.91,0.927,1795263
West Virginia,2020,West Virginia2020,Male & Female,Colon and Rectum,1023,40.85,434,16.24,0.397,1784787
West Virginia,2020,West Virginia2020,Male & Female,Lung and Bronchus,1875,67.09,1339,47.79,0.712,1784787
West Virginia,2020,West Virginia2020,Male & Female,Pancreas,367,13.77,293,11.29,0.820,1784787
Wisconsin,2010,Wisconsin2010,Male & Female,Colon and Rectum,2590,40.10,939,14.37,0.358,5690538
Wisconsin,2010,Wisconsin2010,Male & Female,Lung and Bronchus,4082,63.71,2971,46.20,0.725,5690538
Wisconsin,2010,Wisconsin2010,Male & Female,Pancreas,830,12.76,738,11.36,0.891,5690538
Wisconsin,2011,Wisconsin2011,Male & Female,Colon and Rectum,2640,40.26,992,14.85,0.369,5705840
Wisconsin,2011,Wisconsin2011,Male & Female,Lung and Bronchus,4129,62.82,3118,47.36,0.754,5705840
Wisconsin,2011,Wisconsin2011,Male & Female,Pancreas,908,13.67,767,11.48,0.840,5705840
Wisconsin,2012,Wisconsin2012,Male & Female,Colon and Rectum,2559,38.34,931,13.68,0.357,5720825
Wisconsin,2012,Wisconsin2012,Male & Female,Lung and Bronchus,4091,60.94,2930,43.54,0.715,5720825
Wisconsin,2012,Wisconsin2012,Male & Female,Pancreas,906,13.26,781,11.52,0.869,5720825
Wisconsin,2013,Wisconsin2013,Male & Female,Colon and Rectum,2553,37.80,975,14.09,0.373,5738012
Wisconsin,2013,Wisconsin2013,Male & Female,Lung and Bronchus,4184,61.05,2932,42.71,0.700,5738012
Wisconsin,2013,Wisconsin2013,Male & Female,Pancreas,871,12.57,816,11.68,0.929,5738012
Wisconsin,2014,Wisconsin2014,Male & Female,Colon and Rectum,2593,37.82,945,13.49,0.357,5753199
Wisconsin,2014,Wisconsin2014,Male & Female,Lung and Bronchus,4196,59.83,2959,42.41,0.709,5753199
Wisconsin,2014,Wisconsin2014,Male & Female,Pancreas,1008,14.16,824,11.65,0.823,5753199
Wisconsin,2015,Wisconsin2015,Male & Female,Colon and Rectum,2556,36.98,910,12.66,0.342,5762927
Wisconsin,2015,Wisconsin2015,Male & Female,Lung and Bronchus,4284,59.95,2869,40.19,0.670,5762927
Wisconsin,2015,Wisconsin2015,Male & Female,Pancreas,1009,14.13,846,11.77,0.833,5762927
Wisconsin,2016,Wisconsin2016,Male & Female,Colon and Rectum,2668,37.84,934,13.09,0.346,5775170
Wisconsin,2016,Wisconsin2016,Male & Female,Lung and Bronchus,4418,60.31,2788,38.16,0.633,5775170
Wisconsin,2016,Wisconsin2016,Male & Female,Pancreas,959,13.23,882,11.95,0.903,5775170
Wisconsin,2017,Wisconsin2017,Male & Female,Colon and Rectum,2545,35.88,889,12.29,0.342,5793147
Wisconsin,2017,Wisconsin2017,Male & Female,Lung and Bronchus,4415,58.52,2802,37.65,0.643,5793147
Wisconsin,2017,Wisconsin2017,Male & Female,Pancreas,1030,13.80,858,11.50,0.833,5793147
Wisconsin,2018,Wisconsin2018,Male & Female,Colon and Rectum,2546,35.49,933,12.54,0.353,5809319
Wisconsin,2018,Wisconsin2018,Male & Female,Lung and Bronchus,4505,58.03,2681,34.93,0.602,5809319
Wisconsin,2018,Wisconsin2018,Male & Female,Pancreas,1033,13.67,840,10.96,0.801,5809319
Wisconsin,2019,Wisconsin2019,Male & Female,Colon and Rectum,2629,36.30,896,11.88,0.327,5824581
Wisconsin,2019,Wisconsin2019,Male & Female,Lung and Bronchus,4599,58.04,2712,34.62,0.596,5824581
Wisconsin,2019,Wisconsin2019,Male & Female,Pancreas,1145,14.64,902,11.49,0.785,5824581
Wisconsin,2020,Wisconsin2020,Male & Female,Colon and Rectum,2245,30.53,851,11.08,0.363,5832655
Wisconsin,2020,Wisconsin2020,Male & Female,Lung and Bronchus,4116,51.02,2635,32.75,0.642,5832655
Wisconsin,2020,Wisconsin2020,Male & Female,Pancreas,1181,14.81,995,12.52,0.845,5832655
Wyoming,2010,Wyoming2010,Male & Female,Colon and Rectum,262,43.40,100,16.07,0.370,564531
Wyoming,2010,Wyoming2010,Male & Female,Lung and Bronchus,304,51.23,234,39.39,0.769,564531
Wyoming,2010,Wyoming2010,Male & Female,Pancreas,42,6.64,65,10.57,1.592,564531
Wyoming,2011,Wyoming2011,Male & Female,Colon and Rectum,223,36.15,87,14.21,0.393,567491
Wyoming,2011,Wyoming2011,Male & Female,Lung and Bronchus,285,47.20,226,38.25,0.810,567491
Wyoming,2011,Wyoming2011,Male & Female,Pancreas,62,9.83,49,7.88,0.801,567491
Wyoming,2012,Wyoming2012,Male & Female,Colon and Rectum,229,36.97,95,15.68,0.424,576656
Wyoming,2012,Wyoming2012,Male & Female,Lung and Bronchus,309,48.51,230,37.83,0.780,576656
Wyoming,2012,Wyoming2012,Male & Female,Pancreas,55,8.89,55,8.97,1.010,576656
Wyoming,2013,Wyoming2013,Male & Female,Colon and Rectum,213,32.85,79,12.32,0.375,582620
Wyoming,2013,Wyoming2013,Male & Female,Lung and Bronchus,261,39.43,230,36.08,0.915,582620
Wyoming,2013,Wyoming2013,Male & Female,Pancreas,66,9.70,68,10.28,1.060,582620
Wyoming,2014,Wyoming2014,Male & Female,Colon and Rectum,198,30.51,70,10.83,0.355,583159
Wyoming,2014,Wyoming2014,Male & Female,Lung and Bronchus,305,45.32,215,32.26,0.712,583159
Wyoming,2014,Wyoming2014,Male & Female,Pancreas,67,9.92,68,10.10,1.018,583159
Wyoming,2015,Wyoming2015,Male & Female,Colon and Rectum,200,30.19,91,13.92,0.461,586389
Wyoming,2015,Wyoming2015,Male & Female,Lung and Bronchus,284,42.40,213,32.01,0.755,586389
Wyoming,2015,Wyoming2015,Male & Female,Pancreas,81,11.88,67,9.92,0.835,586389
Wyoming,2016,Wyoming2016,Male & Female,Colon and Rectum,228,34.90,79,11.56,0.331,585243
Wyoming,2016,Wyoming2016,Male & Female,Lung and Bronchus,317,44.86,204,30.28,0.675,585243
Wyoming,2016,Wyoming2016,Male & Female,Pancreas,75,10.74,69,10.03,0.933,585243
Wyoming,2017,Wyoming2017,Male & Female,Colon and Rectum,233,34.20,72,10.37,0.303,579994
Wyoming,2017,Wyoming2017,Male & Female,Lung and Bronchus,286,40.31,216,30.51,0.757,579994
Wyoming,2017,Wyoming2017,Male & Female,Pancreas,84,11.75,74,10.39,0.884,579994
Wyoming,2018,Wyoming2018,Male & Female,Colon and Rectum,237,34.58,90,12.97,0.375,579054
Wyoming,2018,Wyoming2018,Male & Female,Lung and Bronchus,283,38.10,219,29.51,0.775,579054
Wyoming,2018,Wyoming2018,Male & Female,Pancreas,75,10.32,77,10.77,1.044,579054
Wyoming,2019,Wyoming2019,Male & Female,Colon and Rectum,263,37.03,89,12.35,0.334,580116
Wyoming,2019,Wyoming2019,Male & Female,Lung and Bronchus,336,43.78,225,29.44,0.672,580116
Wyoming,2019,Wyoming2019,Male & Female,Pancreas,76,10.11,82,11.34,1.122,580116
Wyoming,2020,Wyoming2020,Male & Female,Colon and Rectum,235,33.65,105,14.09,0.419,582328
Wyoming,2020,Wyoming2020,Male & Female,Lung and Bronchus,288,35.59,198,25.31,0.711,582328
Wyoming,2020,Wyoming2020,Male & Female,Pancreas,105,13.64,81,10.46,0.767,582328
Alabama,2010,Alabama2010,Female,Colon and Rectum,1113,37.35,398,13.16,0.350,2462501
Alabama,2010,Alabama2010,Female,Lung and Bronchus,1615,52.68,1242,40.90,0.780,2462501
Alabama,2010,Alabama2010,Female,Pancreas,347,11.50,295,9.67,0.840,2462501
Alabama,2010,Alabama2010,Male,Colon and Rectum,1265,52.66,496,21.76,0.410,2323013
Alabama,2010,Alabama2010,Male,Lung and Bronchus,2422,100.90,1994,85.01,0.840,2323013
Alabama,2010,Alabama2010,Male,Pancreas,329,13.39,283,11.96,0.890,2323013
Alabama,2011,Alabama2011,Female,Colon and Rectum,1044,34.24,412,13.44,0.390,2471124
Alabama,2011,Alabama2011,Female,Lung and Bronchus,1728,56.40,1229,39.83,0.710,2471124
Alabama,2011,Alabama2011,Female,Pancreas,370,12.13,302,9.75,0.800,2471124
Alabama,2011,Alabama2011,Male,Colon and Rectum,1267,52.26,468,20.15,0.390,2328518
Alabama,2011,Alabama2011,Male,Lung and Bronchus,2290,92.73,1935,79.63,0.860,2328518
Alabama,2011,Alabama2011,Male,Pancreas,391,16.08,343,14.13,0.880,2328518
Alabama,2012,Alabama2012,Female,Colon and Rectum,1153,38.17,414,13.42,0.350,2480436
Alabama,2012,Alabama2012,Female,Lung and Bronchus,1648,52.12,1205,38.31,0.730,2480436
Alabama,2012,Alabama2012,Female,Pancreas,336,10.68,318,10.06,0.940,2480436
Alabama,2012,Alabama2012,Male,Colon and Rectum,1287,51.82,495,20.44,0.390,2336196
Alabama,2012,Alabama2012,Male,Lung and Bronchus,2382,94.45,1860,75.74,0.800,2336196
Alabama,2012,Alabama2012,Male,Pancreas,367,14.50,346,14.00,0.970,2336196
Alabama,2013,Alabama2013,Female,Colon and Rectum,1171,37.64,435,13.81,0.370,2488451
Alabama,2013,Alabama2013,Female,Lung and Bronchus,1659,51.99,1279,39.85,0.770,2488451
Alabama,2013,Alabama2013,Female,Pancreas,344,10.68,284,8.78,0.820,2488451
Alabama,2013,Alabama2013,Male,Colon and Rectum,1346,52.69,547,22.16,0.420,2343135
Alabama,2013,Alabama2013,Male,Lung and Bronchus,2280,88.85,1885,74.89,0.840,2343135
Alabama,2013,Alabama2013,Male,Pancreas,382,14.62,337,12.99,0.890,2343135
Alabama,2014,Alabama2014,Female,Colon and Rectum,1187,37.93,406,12.57,0.330,2495725
Alabama,2014,Alabama2014,Female,Lung and Bronchus,1632,49.29,1269,38.71,0.790,2495725
Alabama,2014,Alabama2014,Female,Pancreas,367,11.22,343,10.42,0.930,2495725
Alabama,2014,Alabama2014,Male,Colon and Rectum,1356,52.78,463,18.63,0.350,2348012
Alabama,2014,Alabama2014,Male,Lung and Bronchus,2330,87.80,1848,71.52,0.810,2348012
Alabama,2014,Alabama2014,Male,Pancreas,383,14.43,332,12.78,0.890,2348012
Alabama,2015,Alabama2015,Female,Colon and Rectum,1207,37.91,446,13.81,0.360,2501997
Alabama,2015,Alabama2015,Female,Lung and Bronchus,1674,49.62,1173,34.62,0.700,2501997
Alabama,2015,Alabama2015,Female,Pancreas,381,11.71,338,10.15,0.870,2501997
Alabama,2015,Alabama2015,Male,Colon and Rectum,1305,49.34,502,19.57,0.400,2352806
Alabama,2015,Alabama2015,Male,Lung and Bronchus,2267,83.62,1807,67.93,0.810,2352806
Alabama,2015,Alabama2015,Male,Pancreas,394,14.91,346,13.04,0.870,2352806
Alabama,2016,Alabama2016,Female,Colon and Rectum,1277,40.28,385,11.64,0.290,2509613
Alabama,2016,Alabama2016,Female,Lung and Bronchus,1712,50.24,1256,37.11,0.740,2509613
Alabama,2016,Alabama2016,Female,Pancreas,376,11.36,341,9.98,0.880,2509613
Alabama,2016,Alabama2016,Male,Colon and Rectum,1300,48.42,486,18.47,0.380,2357211
Alabama,2016,Alabama2016,Male,Lung and Bronchus,2318,83.48,1753,64.86,0.780,2357211
Alabama,2016,Alabama2016,Male,Pancreas,449,16.63,383,14.51,0.870,2357211
Alabama,2017,Alabama2017,Female,Colon and Rectum,1167,36.42,435,13.11,0.360,2517486
Alabama,2017,Alabama2017,Female,Lung and Bronchus,1723,49.53,1182,33.70,0.680,2517486
Alabama,2017,Alabama2017,Female,Pancreas,352,10.48,343,10.05,0.960,2517486
Alabama,2017,Alabama2017,Male,Colon and Rectum,1374,49.81,519,19.34,0.390,2360503
Alabama,2017,Alabama2017,Male,Lung and Bronchus,2247,79.06,1764,63.40,0.800,2360503
Alabama,2017,Alabama2017,Male,Pancreas,389,13.78,371,13.29,0.960,2360503
Alabama,2018,Alabama2018,Female,Colon and Rectum,1175,35.65,417,12.12,0.340,2526183
Alabama,2018,Alabama2018,Female,Lung and Bronchus,1776,50.11,1237,34.53,0.690,2526183
Alabama,2018,Alabama2018,Female,Pancreas,431,12.26,369,10.37,0.850,2526183
Alabama,2018,Alabama2018,Male,Colon and Rectum,1296,47.04,509,18.83,0.400,2365445
Alabama,2018,Alabama2018,Male,Lung and Bronchus,2228,76.79,1702,60.06,0.780,2365445
Alabama,2018,Alabama2018,Male,Pancreas,457,16.03,406,14.38,0.900,2365445
Alabama,2019,Alabama2019,Female,Colon and Rectum,1203,35.80,405,11.49,0.320,2536133
Alabama,2019,Alabama2019,Female,Lung and Bronchus,1736,47.77,1080,29.65,0.620,2536133
Alabama,2019,Alabama2019,Female,Pancreas,401,11.16,370,10.06,0.900,2536133
Alabama,2019,Alabama2019,Male,Colon and Rectum,1362,48.93,470,16.76,0.340,2371832
Alabama,2019,Alabama2019,Male,Lung and Bronchus,2245,75.22,1666,57.30,0.760,2371832
Alabama,2019,Alabama2019,Male,Pancreas,454,15.83,373,13.10,0.830,2371832
Alabama,2020,Alabama2020,Female,Colon and Rectum,1112,33.10,407,11.60,0.350,2544566
Alabama,2020,Alabama2020,Female,Lung and Bronchus,1569,42.08,1150,30.85,0.730,2544566
Alabama,2020,Alabama2020,Female,Pancreas,394,10.65,363,9.94,0.930,2544566
Alabama,2020,Alabama2020,Male,Colon and Rectum,1169,41.84,478,17.13,0.410,2376966
Alabama,2020,Alabama2020,Male,Lung and Bronchus,1968,65.35,1579,53.06,0.810,2376966
Alabama,2020,Alabama2020,Male,Pancreas,418,14.24,424,14.49,1.020,2376966
Alaska,2010,Alaska2010,Female,Colon and Rectum,136,47.58,37,13.71,0.290,342348
Alaska,2010,Alaska2010,Female,Lung and Bronchus,171,63.03,115,45.19,0.720,342348
Alaska,2010,Alaska2010,Female,Pancreas,28,9.89,19,6.67,0.670,342348
Alaska,2010,Alaska2010,Male,Colon and Rectum,148,53.00,47,20.06,0.380,371634
Alaska,2010,Alaska2010,Male,Lung and Bronchus,195,77.17,126,56.15,0.730,371634
Alaska,2010,Alaska2010,Male,Pancreas,37,15.55,32,13.88,0.890,371634
Alaska,2011,Alaska2011,Female,Colon and Rectum,109,34.71,27,10.29,0.300,346420
Alaska,2011,Alaska2011,Female,Lung and Bronchus,159,61.33,112,42.54,0.690,346420
Alaska,2011,Alaska2011,Female,Pancreas,31,11.62,26,9.54,0.820,346420
Alaska,2011,Alaska2011,Male,Colon and Rectum,157,49.68,47,18.33,0.370,375929
Alaska,2011,Alaska2011,Male,Lung and Bronchus,195,72.58,153,58.84,0.810,375929
Alaska,2011,Alaska2011,Male,Pancreas,43,16.81,33,12.97,0.770,375929
Alaska,2012,Alaska2012,Female,Colon and Rectum,122,39.58,41,13.77,0.350,349778
Alaska,2012,Alaska2012,Female,Lung and Bronchus,176,59.10,112,42.61,0.720,349778
Alaska,2012,Alaska2012,Female,Pancreas,38,13.03,30,11.22,0.860,349778
Alaska,2012,Alaska2012,Male,Colon and Rectum,130,43.86,46,17.75,0.400,381032
Alaska,2012,Alaska2012,Male,Lung and Bronchus,180,65.12,148,61.78,0.950,381032
Alaska,2012,Alaska2012,Male,Pancreas,36,11.20,33,11.66,1.040,381032
Alaska,2013,Alaska2013,Female,Colon and Rectum,142,45.57,41,13.23,0.290,351687
Alaska,2013,Alaska2013,Female,Lung and Bronchus,136,44.65,134,44.63,1.000,351687
Alaska,2013,Alaska2013,Female,Pancreas,36,10.83,39,12.55,1.160,351687
Alaska,2013,Alaska2013,Male,Colon and Rectum,144,45.27,58,20.50,0.450,385939
Alaska,2013,Alaska2013,Male,Lung and Bronchus,198,71.26,139,51.81,0.730,385939
Alaska,2013,Alaska2013,Male,Pancreas,37,11.36,30,9.74,0.860,385939
Alaska,2014,Alaska2014,Female,Colon and Rectum,128,40.13,46,16.60,0.410,351081
Alaska,2014,Alaska2014,Female,Lung and Bronchus,152,48.55,103,34.44,0.710,351081
Alaska,2014,Alaska2014,Female,Pancreas,41,12.61,31,9.75,0.770,351081
Alaska,2014,Alaska2014,Male,Colon and Rectum,149,49.11,43,16.04,0.330,385994
Alaska,2014,Alaska2014,Male,Lung and Bronchus,208,68.59,134,45.81,0.670,385994
Alaska,2014,Alaska2014,Male,Pancreas,44,15.14,31,11.53,0.760,385994
Alaska,2015,Alaska2015,Female,Colon and Rectum,127,37.80,43,14.06,0.370,351714
Alaska,2015,Alaska2015,Female,Lung and Bronchus,163,48.86,114,36.53,0.750,351714
Alaska,2015,Alaska2015,Female,Pancreas,38,11.19,35,10.80,0.960,351714
Alaska,2015,Alaska2015,Male,Colon and Rectum,174,48.18,41,14.93,0.310,386716
Alaska,2015,Alaska2015,Male,Lung and Bronchus,220,70.21,145,48.00,0.680,386716
Alaska,2015,Alaska2015,Male,Pancreas,40,11.80,30,9.85,0.830,386716
Alaska,2016,Alaska2016,Female,Colon and Rectum,140,42.73,42,13.03,0.310,353943
Alaska,2016,Alaska2016,Female,Lung and Bronchus,170,51.07,97,32.08,0.630,353943
Alaska,2016,Alaska2016,Female,Pancreas,41,12.50,39,11.34,0.910,353943
Alaska,2016,Alaska2016,Male,Colon and Rectum,137,36.60,51,16.97,0.460,388632
Alaska,2016,Alaska2016,Male,Lung and Bronchus,207,64.27,133,46.15,0.720,388632
Alaska,2016,Alaska2016,Male,Pancreas,60,18.31,42,13.00,0.710,388632
Alaska,2017,Alaska2017,Female,Colon and Rectum,134,38.96,49,14.53,0.370,353997
Alaska,2017,Alaska2017,Female,Lung and Bronchus,175,50.88,84,24.89,0.490,353997
Alaska,2017,Alaska2017,Female,Pancreas,37,10.18,21,6.59,0.650,353997
Alaska,2017,Alaska2017,Male,Colon and Rectum,185,49.68,56,17.28,0.350,386986
Alaska,2017,Alaska2017,Male,Lung and Bronchus,198,59.42,119,38.50,0.650,386986
Alaska,2017,Alaska2017,Male,Pancreas,50,14.56,40,11.86,0.810,386986
Alaska,2018,Alaska2018,Female,Colon and Rectum,135,37.96,39,12.07,0.320,352320
Alaska,2018,Alaska2018,Female,Lung and Bronchus,166,44.71,106,32.64,0.730,352320
Alaska,2018,Alaska2018,Female,Pancreas,37,10.15,27,7.34,0.720,352320
Alaska,2018,Alaska2018,Male,Colon and Rectum,165,45.31,51,16.72,0.370,384304
Alaska,2018,Alaska2018,Male,Lung and Bronchus,188,54.25,107,30.91,0.570,384304
Alaska,2018,Alaska2018,Male,Pancreas,48,13.67,44,12.62,0.920,384304
Alaska,2019,Alaska2019,Female,Colon and Rectum,127,36.18,51,14.81,0.410,350790
Alaska,2019,Alaska2019,Female,Lung and Bronchus,200,52.89,104,27.95,0.530,350790
Alaska,2019,Alaska2019,Female,Pancreas,45,12.51,32,8.08,0.650,350790
Alaska,2019,Alaska2019,Male,Colon and Rectum,160,44.00,46,12.65,0.290,382813
Alaska,2019,Alaska2019,Male,Lung and Bronchus,206,54.49,118,33.07,0.610,382813
Alaska,2019,Alaska2019,Male,Pancreas,54,14.48,38,10.78,0.740,382813
Alaska,2020,Alaska2020,Female,Colon and Rectum,139,37.69,48,14.35,0.380,349621
Alaska,2020,Alaska2020,Female,Lung and Bronchus,175,45.51,103,28.04,0.620,349621
Alaska,2020,Alaska2020,Female,Pancreas,52,13.53,39,10.29,0.760,349621
Alaska,2020,Alaska2020,Male,Colon and Rectum,166,43.59,60,16.98,0.390,381537
Alaska,2020,Alaska2020,Male,Lung and Bronchus,197,53.91,136,36.85,0.680,381537
Alaska,2020,Alaska2020,Male,Pancreas,54,13.42,49,13.10,0.980,381537
Arizona,2010,Arizona2010,Female,Colon and Rectum,1236,32.90,438,11.45,0.350,3223331
Arizona,2010,Arizona2010,Female,Lung and Bronchus,1768,46.37,1221,32.04,0.690,3223331
Arizona,2010,Arizona2010,Female,Pancreas,380,9.95,344,8.99,0.900,3223331
Arizona,2010,Arizona2010,Male,Colon and Rectum,1314,40.72,531,16.86,0.410,3184011
Arizona,2010,Arizona2010,Male,Lung and Bronchus,1927,59.27,1501,46.79,0.790,3184011
Arizona,2010,Arizona2010,Male,Pancreas,395,12.03,382,11.80,0.980,3184011
Arizona,2011,Arizona2011,Female,Colon and Rectum,1164,30.39,449,11.37,0.370,3255268
Arizona,2011,Arizona2011,Female,Lung and Bronchus,1879,48.03,1189,30.40,0.630,3255268
Arizona,2011,Arizona2011,Female,Pancreas,435,11.10,362,9.21,0.830,3255268
Arizona,2011,Arizona2011,Male,Colon and Rectum,1353,40.82,501,15.41,0.380,3218148
Arizona,2011,Arizona2011,Male,Lung and Bronchus,1986,59.06,1476,44.37,0.750,3218148
Arizona,2011,Arizona2011,Male,Pancreas,441,13.06,361,10.88,0.830,3218148
Arizona,2012,Arizona2012,Female,Colon and Rectum,1186,30.22,426,10.51,0.350,3296646
Arizona,2012,Arizona2012,Female,Lung and Bronchus,1888,46.60,1270,31.22,0.670,3296646
Arizona,2012,Arizona2012,Female,Pancreas,435,10.69,379,9.21,0.860,3296646
Arizona,2012,Arizona2012,Male,Colon and Rectum,1408,40.90,538,15.74,0.380,3259698
Arizona,2012,Arizona2012,Male,Lung and Bronchus,1955,56.11,1533,44.41,0.790,3259698
Arizona,2012,Arizona2012,Male,Pancreas,532,14.88,462,13.08,0.880,3259698
Arizona,2013,Arizona2013,Female,Colon and Rectum,1155,28.48,484,11.82,0.410,3337128
Arizona,2013,Arizona2013,Female,Lung and Bronchus,1902,45.00,1286,30.41,0.680,3337128
Arizona,2013,Arizona2013,Female,Pancreas,414,9.96,371,8.73,0.880,3337128
Arizona,2013,Arizona2013,Male,Colon and Rectum,1400,39.33,503,14.55,0.370,3297562
Arizona,2013,Arizona2013,Male,Lung and Bronchus,2119,58.14,1497,41.72,0.720,3297562
Arizona,2013,Arizona2013,Male,Pancreas,460,12.65,398,10.96,0.870,3297562
Arizona,2014,Arizona2014,Female,Colon and Rectum,1236,29.79,471,11.00,0.370,3385557
Arizona,2014,Arizona2014,Female,Lung and Bronchus,1917,44.08,1252,28.86,0.650,3385557
Arizona,2014,Arizona2014,Female,Pancreas,464,10.59,394,9.01,0.850,3385557
Arizona,2014,Arizona2014,Male,Colon and Rectum,1490,40.32,569,15.73,0.390,3347316
Arizona,2014,Arizona2014,Male,Lung and Bronchus,2042,54.08,1455,38.93,0.720,3347316
Arizona,2014,Arizona2014,Male,Pancreas,516,13.57,420,11.11,0.820,3347316
Arizona,2015,Arizona2015,Female,Colon and Rectum,1234,29.18,455,10.24,0.350,3435368
Arizona,2015,Arizona2015,Female,Lung and Bronchus,2010,44.52,1385,30.76,0.690,3435368
Arizona,2015,Arizona2015,Female,Pancreas,415,9.32,398,8.71,0.930,3435368
Arizona,2015,Arizona2015,Male,Colon and Rectum,1432,37.47,567,15.16,0.400,3397442
Arizona,2015,Arizona2015,Male,Lung and Bronchus,2069,52.42,1547,39.76,0.760,3397442
Arizona,2015,Arizona2015,Male,Pancreas,545,13.84,469,11.90,0.860,3397442
Arizona,2016,Arizona2016,Female,Colon and Rectum,1208,27.56,470,10.20,0.370,3492446
Arizona,2016,Arizona2016,Female,Lung and Bronchus,1924,40.99,1241,26.42,0.640,3492446
Arizona,2016,Arizona2016,Female,Pancreas,507,10.96,411,8.76,0.800,3492446
Arizona,2016,Arizona2016,Male,Colon and Rectum,1419,36.15,585,14.80,0.410,3452321
Arizona,2016,Arizona2016,Male,Lung and Bronchus,2038,49.86,1461,35.91,0.720,3452321
Arizona,2016,Arizona2016,Male,Pancreas,545,13.31,497,12.35,0.930,3452321
Arizona,2017,Arizona2017,Female,Colon and Rectum,1250,27.92,471,9.91,0.360,3545316
Arizona,2017,Arizona2017,Female,Lung and Bronchus,2033,41.76,1273,26.05,0.620,3545316
Arizona,2017,Arizona2017,Female,Pancreas,470,9.67,434,8.86,0.920,3545316
Arizona,2017,Arizona2017,Male,Colon and Rectum,1500,36.98,639,15.65,0.420,3502772
Arizona,2017,Arizona2017,Male,Lung and Bronchus,2041,47.73,1495,35.34,0.740,3502772
Arizona,2017,Arizona2017,Male,Pancreas,587,13.91,489,11.62,0.830,3502772
Arizona,2018,Arizona2018,Female,Colon and Rectum,1300,28.17,477,9.85,0.350,3604059
Arizona,2018,Arizona2018,Female,Lung and Bronchus,2014,39.76,1206,23.84,0.600,3604059
Arizona,2018,Arizona2018,Female,Pancreas,533,10.78,440,8.72,0.810,3604059
Arizona,2018,Arizona2018,Male,Colon and Rectum,1534,37.11,643,15.37,0.410,3560169
Arizona,2018,Arizona2018,Male,Lung and Bronchus,2076,46.77,1437,32.58,0.700,3560169
Arizona,2018,Arizona2018,Male,Pancreas,619,14.21,513,11.73,0.830,3560169
Arizona,2019,Arizona2019,Female,Colon and Rectum,1302,26.92,477,9.53,0.350,3669041
Arizona,2019,Arizona2019,Female,Lung and Bronchus,2050,38.48,1197,22.45,0.580,3669041
Arizona,2019,Arizona2019,Female,Pancreas,565,10.96,479,9.08,0.830,3669041
Arizona,2019,Arizona2019,Male,Colon and Rectum,1498,34.82,617,14.07,0.400,3622802
Arizona,2019,Arizona2019,Male,Lung and Bronchus,1990,42.96,1315,28.49,0.660,3622802
Arizona,2019,Arizona2019,Male,Pancreas,647,14.25,543,12.02,0.840,3622802
Arizona,2020,Arizona2020,Female,Colon and Rectum,1235,25.37,554,10.52,0.410,3735475
Arizona,2020,Arizona2020,Female,Lung and Bronchus,1835,33.53,1256,22.80,0.680,3735475
Arizona,2020,Arizona2020,Female,Pancreas,529,10.06,460,8.50,0.850,3735475
Arizona,2020,Arizona2020,Male,Colon and Rectum,1327,29.95,593,13.19,0.440,3685926
Arizona,2020,Arizona2020,Male,Lung and Bronchus,1888,39.17,1334,28.04,0.720,3685926
Arizona,2020,Arizona2020,Male,Pancreas,608,12.74,545,11.40,0.890,3685926
Arkansas,2010,Arkansas2010,Female,Colon and Rectum,680,37.63,298,15.84,0.420,1487273
Arkansas,2010,Arkansas2010,Female,Lung and Bronchus,1101,58.70,832,44.44,0.760,1487273
Arkansas,2010,Arkansas2010,Female,Pancreas,189,10.29,176,9.41,0.910,1487273
Arkansas,2010,Arkansas2010,Male,Colon and Rectum,763,50.25,334,23.05,0.460,1434725
Arkansas,2010,Arkansas2010,Male,Lung and Bronchus,1530,99.83,1295,86.78,0.870,1434725
Arkansas,2010,Arkansas2010,Male,Pancreas,199,13.27,188,12.68,0.960,1434725
Arkansas,2011,Arkansas2011,Female,Colon and Rectum,701,37.95,294,15.26,0.400,1496627
Arkansas,2011,Arkansas2011,Female,Lung and Bronchus,1103,58.80,835,44.33,0.750,1496627
Arkansas,2011,Arkansas2011,Female,Pancreas,178,9.22,167,8.76,0.950,1496627
Arkansas,2011,Arkansas2011,Male,Colon and Rectum,730,47.36,328,22.77,0.480,1444411
Arkansas,2011,Arkansas2011,Male,Lung and Bronchus,1594,101.61,1277,83.15,0.820,1444411
Arkansas,2011,Arkansas2011,Male,Pancreas,208,13.59,204,13.57,1.000,1444411
Arkansas,2012,Arkansas2012,Female,Colon and Rectum,678,36.64,272,14.17,0.390,1502409
Arkansas,2012,Arkansas2012,Female,Lung and Bronchus,1143,59.65,805,41.83,0.700,1502409
Arkansas,2012,Arkansas2012,Female,Pancreas,201,10.50,192,9.86,0.940,1502409
Arkansas,2012,Arkansas2012,Male,Colon and Rectum,775,49.42,335,21.95,0.440,1450467
Arkansas,2012,Arkansas2012,Male,Lung and Bronchus,1580,98.29,1325,84.24,0.860,1450467
Arkansas,2012,Arkansas2012,Male,Pancreas,214,13.56,189,12.16,0.900,1450467
Arkansas,2013,Arkansas2013,Female,Colon and Rectum,705,36.94,296,15.18,0.410,1506571
Arkansas,2013,Arkansas2013,Female,Lung and Bronchus,1214,62.64,907,46.50,0.740,1506571
Arkansas,2013,Arkansas2013,Female,Pancreas,227,11.35,195,9.72,0.860,1506571
Arkansas,2013,Arkansas2013,Male,Colon and Rectum,832,51.97,327,20.56,0.400,1453888
Arkansas,2013,Arkansas2013,Male,Lung and Bronchus,1676,102.06,1261,78.67,0.770,1453888
Arkansas,2013,Arkansas2013,Male,Pancreas,241,14.99,202,12.62,0.840,1453888
Arkansas,2014,Arkansas2014,Female,Colon and Rectum,716,37.81,245,12.75,0.340,1510809
Arkansas,2014,Arkansas2014,Female,Lung and Bronchus,1290,64.81,852,42.29,0.650,1510809
Arkansas,2014,Arkansas2014,Female,Pancreas,184,9.35,188,9.40,1.010,1510809
Arkansas,2014,Arkansas2014,Male,Colon and Rectum,871,53.75,328,20.79,0.390,1457950
Arkansas,2014,Arkansas2014,Male,Lung and Bronchus,1618,97.06,1202,73.68,0.760,1457950
Arkansas,2014,Arkansas2014,Male,Pancreas,242,15.11,200,12.54,0.830,1457950
Arkansas,2015,Arkansas2015,Female,Colon and Rectum,743,39.02,266,13.41,0.340,1515816
Arkansas,2015,Arkansas2015,Female,Lung and Bronchus,1281,63.65,873,43.61,0.690,1515816
Arkansas,2015,Arkansas2015,Female,Pancreas,217,10.78,171,8.32,0.770,1515816
Arkansas,2015,Arkansas2015,Male,Colon and Rectum,868,53.71,329,20.10,0.370,1463916
Arkansas,2015,Arkansas2015,Male,Lung and Bronchus,1663,97.53,1251,74.05,0.760,1463916
Arkansas,2015,Arkansas2015,Male,Pancreas,229,13.70,201,12.33,0.900,1463916
Arkansas,2016,Arkansas2016,Female,Colon and Rectum,758,39.13,266,13.15,0.340,1521849
Arkansas,2016,Arkansas2016,Female,Lung and Bronchus,1279,63.02,840,40.86,0.650,1521849
Arkansas,2016,Arkansas2016,Female,Pancreas,232,11.39,223,10.79,0.950,1521849
Arkansas,2016,Arkansas2016,Male,Colon and Rectum,772,46.59,320,19.37,0.420,1469966
Arkansas,2016,Arkansas2016,Male,Lung and Bronchus,1649,96.03,1166,68.24,0.710,1469966
Arkansas,2016,Arkansas2016,Male,Pancreas,245,14.38,211,12.34,0.860,1469966
Arkansas,2017,Arkansas2017,Female,Colon and Rectum,724,36.92,275,13.62,0.370,1527948
Arkansas,2017,Arkansas2017,Female,Lung and Bronchus,1255,60.17,833,39.59,0.660,1527948
Arkansas,2017,Arkansas2017,Female,Pancreas,225,10.97,193,9.19,0.840,1527948
Arkansas,2017,Arkansas2017,Male,Colon and Rectum,869,50.91,296,17.77,0.350,1475907
Arkansas,2017,Arkansas2017,Male,Lung and Bronchus,1558,88.24,1121,65.25,0.740,1475907
Arkansas,2017,Arkansas2017,Male,Pancreas,278,16.09,230,13.55,0.840,1475907
Arkansas,2018,Arkansas2018,Female,Colon and Rectum,742,36.76,229,11.02,0.300,1533071
Arkansas,2018,Arkansas2018,Female,Lung and Bronchus,1354,62.89,833,38.95,0.620,1533071
Arkansas,2018,Arkansas2018,Female,Pancreas,221,10.65,198,9.49,0.890,1533071
Arkansas,2018,Arkansas2018,Male,Colon and Rectum,877,50.53,291,17.02,0.340,1479090
Arkansas,2018,Arkansas2018,Male,Lung and Bronchus,1657,91.10,1038,57.86,0.640,1479090
Arkansas,2018,Arkansas2018,Male,Pancreas,270,15.32,241,13.85,0.900,1479090
Arkansas,2019,Arkansas2019,Female,Colon and Rectum,788,38.69,285,13.07,0.340,1538076
Arkansas,2019,Arkansas2019,Female,Lung and Bronchus,1345,62.35,788,36.28,0.580,1538076
Arkansas,2019,Arkansas2019,Female,Pancreas,234,10.99,199,9.08,0.830,1538076
Arkansas,2019,Arkansas2019,Male,Colon and Rectum,950,55.21,315,18.45,0.330,1482909
Arkansas,2019,Arkansas2019,Male,Lung and Bronchus,1609,86.90,1044,57.24,0.660,1482909
Arkansas,2019,Arkansas2019,Male,Pancreas,288,15.65,220,12.11,0.770,1482909
Arkansas,2020,Arkansas2020,Female,Colon and Rectum,623,30.85,236,10.96,0.360,1543666
Arkansas,2020,Arkansas2020,Female,Lung and Bronchus,1070,48.54,811,36.80,0.760,1543666
Arkansas,2020,Arkansas2020,Female,Pancreas,205,9.54,198,8.86,0.930,1543666
Arkansas,2020,Arkansas2020,Male,Colon and Rectum,702,40.80,299,16.91,0.410,1486856
Arkansas,2020,Arkansas2020,Male,Lung and Bronchus,1345,71.38,1061,56.80,0.800,1486856
Arkansas,2020,Arkansas2020,Male,Pancreas,208,11.20,234,12.95,1.160,1486856
California,2010,California2010,Female,Colon and Rectum,7123,35.34,2494,12.06,0.340,18773276
California,2010,California2010,Female,Lung and Bronchus,8410,42.61,6145,30.93,0.730,18773276
California,2010,California2010,Female,Pancreas,2193,10.87,1941,9.59,0.880,18773276
California,2010,California2010,Male,Colon and Rectum,7601,45.90,2671,16.87,0.370,18546274
California,2010,California2010,Male,Lung and Bronchus,8923,56.55,6815,43.78,0.770,18546274
California,2010,California2010,Male,Pancreas,2158,13.34,1877,11.77,0.880,18546274
California,2011,California2011,Female,Colon and Rectum,6898,33.53,2562,12.12,0.360,18941522
California,2011,California2011,Female,Lung and Bronchus,8195,40.54,6030,29.50,0.730,18941522
California,2011,California2011,Female,Pancreas,2091,10.16,1877,9.07,0.890,18941522
California,2011,California2011,Male,Colon and Rectum,7522,44.06,2721,16.63,0.380,18694789
California,2011,California2011,Male,Lung and Bronchus,8542,52.63,6712,42.19,0.800,18694789
California,2011,California2011,Male,Pancreas,2241,13.46,1940,11.83,0.880,18694789
California,2012,California2012,Female,Colon and Rectum,6875,32.73,2512,11.61,0.350,19097277
California,2012,California2012,Female,Lung and Bronchus,8328,40.40,5983,28.67,0.710,19097277
California,2012,California2012,Female,Pancreas,2215,10.48,1997,9.39,0.900,19097277
California,2012,California2012,Male,Colon and Rectum,7416,42.17,2687,15.94,0.380,18847274
California,2012,California2012,Male,Lung and Bronchus,8623,51.77,6518,39.63,0.770,18847274
California,2012,California2012,Male,Pancreas,2273,13.16,2039,12.00,0.910,18847274
California,2013,California2013,Female,Colon and Rectum,6841,31.82,2516,11.37,0.360,19257182
California,2013,California2013,Female,Lung and Bronchus,8399,39.39,5948,27.69,0.700,19257182
California,2013,California2013,Female,Pancreas,2248,10.34,2042,9.30,0.900,19257182
California,2013,California2013,Male,Colon and Rectum,7379,40.61,2663,15.33,0.380,18996586
California,2013,California2013,Male,Lung and Bronchus,8487,49.33,6516,38.43,0.780,18996586
California,2013,California2013,Male,Pancreas,2345,13.25,2056,11.86,0.890,18996586
California,2014,California2014,Female,Colon and Rectum,6918,31.50,2457,10.84,0.340,19422017
California,2014,California2014,Female,Lung and Bronchus,8602,39.27,5899,26.77,0.680,19422017
California,2014,California2014,Female,Pancreas,2341,10.44,2048,9.07,0.870,19422017
California,2014,California2014,Male,Colon and Rectum,7907,42.42,2766,15.48,0.360,19164689
California,2014,California2014,Male,Lung and Bronchus,8563,48.10,6385,36.55,0.760,19164689
California,2014,California2014,Male,Pancreas,2507,13.70,2094,11.70,0.850,19164689
California,2015,California2015,Female,Colon and Rectum,7035,31.44,2643,11.42,0.360,19575981
California,2015,California2015,Female,Lung and Bronchus,8619,38.19,5870,25.73,0.670,19575981
California,2015,California2015,Female,Pancreas,2446,10.75,2072,9.02,0.840,19575981
California,2015,California2015,Male,Colon and Rectum,7840,40.89,2802,15.15,0.370,19328315
California,2015,California2015,Male,Lung and Bronchus,8724,47.66,6511,36.03,0.760,19328315
California,2015,California2015,Male,Pancreas,2537,13.52,2170,11.76,0.870,19328315
California,2016,California2016,Female,Colon and Rectum,7087,31.26,2514,10.66,0.340,19696031
California,2016,California2016,Female,Lung and Bronchus,8558,37.04,5662,24.36,0.660,19696031
California,2016,California2016,Female,Pancreas,2530,10.88,2179,9.19,0.840,19696031
California,2016,California2016,Male,Colon and Rectum,7696,39.03,2697,14.25,0.370,19453155
California,2016,California2016,Male,Lung and Bronchus,8614,45.59,6077,32.84,0.720,19453155
California,2016,California2016,Male,Pancreas,2705,13.87,2244,11.77,0.850,19453155
California,2017,California2017,Female,Colon and Rectum,7023,30.40,2558,10.64,0.350,19783962
California,2017,California2017,Female,Lung and Bronchus,8695,36.66,5491,22.92,0.630,19783962
California,2017,California2017,Female,Pancreas,2513,10.57,2192,9.09,0.860,19783962
California,2017,California2017,Male,Colon and Rectum,7709,38.58,2730,14.10,0.370,19553823
California,2017,California2017,Male,Lung and Bronchus,8454,43.69,6064,31.90,0.730,19553823
California,2017,California2017,Male,Pancreas,2707,13.66,2334,11.94,0.870,19553823
California,2018,California2018,Female,Colon and Rectum,7022,29.84,2501,10.20,0.340,19829641
California,2018,California2018,Female,Lung and Bronchus,8406,34.77,5264,21.45,0.620,19829641
California,2018,California2018,Female,Pancreas,2679,11.07,2240,9.06,0.820,19829641
California,2018,California2018,Male,Colon and Rectum,7964,39.06,2886,14.52,0.370,19607822
California,2018,California2018,Male,Lung and Bronchus,8349,41.79,5814,29.81,0.710,19607822
California,2018,California2018,Male,Pancreas,2813,13.82,2306,11.58,0.840,19607822
California,2019,California2019,Female,Colon and Rectum,7188,30.27,2582,10.40,0.340,19829085
California,2019,California2019,Female,Lung and Bronchus,8651,34.77,5110,20.29,0.580,19829085
California,2019,California2019,Female,Pancreas,2791,11.28,2301,9.15,0.810,19829085
California,2019,California2019,Male,Colon and Rectum,8091,39.08,2797,13.85,0.350,19608525
California,2019,California2019,Male,Lung and Bronchus,8548,41.95,5621,28.16,0.670,19608525
California,2019,California2019,Male,Pancreas,2926,14.20,2413,11.81,0.830,19608525
California,2020,California2020,Female,Colon and Rectum,6424,26.94,2434,9.68,0.360,19790589
California,2020,California2020,Female,Lung and Bronchus,7406,29.13,4906,19.20,0.660,19790589
California,2020,California2020,Female,Pancreas,2596,10.34,2268,8.85,0.860,19790589
California,2020,California2020,Male,Colon and Rectum,7023,33.43,2967,14.33,0.430,19577489
California,2020,California2020,Male,Lung and Bronchus,7597,36.30,5475,26.56,0.730,19577489
California,2020,California2020,Male,Pancreas,2732,12.92,2389,11.43,0.880,19577489
Colorado,2010,Colorado2010,Female,Colon and Rectum,818,31.33,319,11.95,0.380,2517949
Colorado,2010,Colorado2010,Female,Lung and Bronchus,1107,43.06,773,29.69,0.690,2517949
Colorado,2010,Colorado2010,Female,Pancreas,239,9.28,221,8.56,0.920,2517949
Colorado,2010,Colorado2010,Male,Colon and Rectum,887,39.29,321,15.31,0.390,2529590
Colorado,2010,Colorado2010,Male,Lung and Bronchus,1093,51.79,862,42.50,0.820,2529590
Colorado,2010,Colorado2010,Male,Pancreas,288,12.85,241,11.22,0.870,2529590
Colorado,2011,Colorado2011,Female,Colon and Rectum,834,31.24,309,11.24,0.360,2555122
Colorado,2011,Colorado2011,Female,Lung and Bronchus,1114,41.90,745,28.27,0.670,2555122
Colorado,2011,Colorado2011,Female,Pancreas,293,10.84,245,9.23,0.850,2555122
Colorado,2011,Colorado2011,Male,Colon and Rectum,900,39.48,324,15.02,0.380,2566778
Colorado,2011,Colorado2011,Male,Lung and Bronchus,1107,50.28,845,39.01,0.780,2566778
Colorado,2011,Colorado2011,Male,Pancreas,290,12.49,243,10.55,0.840,2566778
Colorado,2012,Colorado2012,Female,Colon and Rectum,855,30.83,313,11.16,0.360,2590172
Colorado,2012,Colorado2012,Female,Lung and Bronchus,1201,43.25,789,28.78,0.670,2590172
Colorado,2012,Colorado2012,Female,Pancreas,316,11.26,251,9.00,0.800,2590172
Colorado,2012,Colorado2012,Male,Colon and Rectum,916,38.11,320,13.99,0.370,2603488
Colorado,2012,Colorado2012,Male,Lung and Bronchus,1133,49.25,801,35.45,0.720,2603488
Colorado,2012,Colorado2012,Male,Pancreas,309,12.92,260,11.30,0.870,2603488
Colorado,2013,Colorado2013,Female,Colon and Rectum,888,31.24,305,10.67,0.340,2627451
Colorado,2013,Colorado2013,Female,Lung and Bronchus,1189,41.99,757,26.32,0.630,2627451
Colorado,2013,Colorado2013,Female,Pancreas,262,8.96,254,8.59,0.960,2627451
Colorado,2013,Colorado2013,Male,Colon and Rectum,969,38.63,335,14.11,0.370,2643323
Colorado,2013,Colorado2013,Male,Lung and Bronchus,1091,45.51,804,34.79,0.760,2643323
Colorado,2013,Colorado2013,Male,Pancreas,301,12.47,243,10.20,0.820,2643323
Colorado,2014,Colorado2014,Female,Colon and Rectum,890,30.51,313,10.68,0.350,2665581
Colorado,2014,Colorado2014,Female,Lung and Bronchus,1171,39.80,804,27.75,0.700,2665581
Colorado,2014,Colorado2014,Female,Pancreas,286,9.61,233,7.75,0.810,2665581
Colorado,2014,Colorado2014,Male,Colon and Rectum,951,36.33,351,14.49,0.400,2687056
Colorado,2014,Colorado2014,Male,Lung and Bronchus,1183,46.92,777,31.76,0.680,2687056
Colorado,2014,Colorado2014,Male,Pancreas,363,13.83,289,11.44,0.830,2687056
Colorado,2015,Colorado2015,Female,Colon and Rectum,907,29.80,307,9.93,0.330,2713032
Colorado,2015,Colorado2015,Female,Lung and Bronchus,1186,38.88,789,26.10,0.670,2713032
Colorado,2015,Colorado2015,Female,Pancreas,303,9.61,227,7.55,0.790,2713032
Colorado,2015,Colorado2015,Male,Colon and Rectum,1047,38.92,363,14.40,0.370,2741296
Colorado,2015,Colorado2015,Male,Lung and Bronchus,1174,45.05,757,30.24,0.670,2741296
Colorado,2015,Colorado2015,Male,Pancreas,317,11.74,275,10.12,0.860,2741296
Colorado,2016,Colorado2016,Female,Colon and Rectum,924,30.09,323,10.49,0.350,2755067
Colorado,2016,Colorado2016,Female,Lung and Bronchus,1240,39.47,788,25.55,0.650,2755067
Colorado,2016,Colorado2016,Female,Pancreas,307,9.60,268,8.34,0.870,2755067
Colorado,2016,Colorado2016,Male,Colon and Rectum,978,35.54,345,13.43,0.380,2788777
Colorado,2016,Colorado2016,Male,Lung and Bronchus,1143,42.94,802,30.84,0.720,2788777
Colorado,2016,Colorado2016,Male,Pancreas,395,14.23,299,11.05,0.780,2788777
Colorado,2017,Colorado2017,Female,Colon and Rectum,915,28.87,352,10.76,0.370,2789649
Colorado,2017,Colorado2017,Female,Lung and Bronchus,1267,38.84,741,22.73,0.590,2789649
Colorado,2017,Colorado2017,Female,Pancreas,326,10.11,243,7.41,0.730,2789649
Colorado,2017,Colorado2017,Male,Colon and Rectum,1069,36.83,353,13.03,0.350,2827772
Colorado,2017,Colorado2017,Male,Lung and Bronchus,1171,42.21,754,27.64,0.650,2827772
Colorado,2017,Colorado2017,Male,Pancreas,399,13.56,308,10.76,0.790,2827772
Colorado,2018,Colorado2018,Female,Colon and Rectum,897,27.96,304,9.29,0.330,2828980
Colorado,2018,Colorado2018,Female,Lung and Bronchus,1245,36.77,696,20.75,0.560,2828980
Colorado,2018,Colorado2018,Female,Pancreas,321,9.44,311,9.35,0.990,2828980
Colorado,2018,Colorado2018,Male,Colon and Rectum,1047,35.17,362,12.88,0.370,2868175
Colorado,2018,Colorado2018,Male,Lung and Bronchus,1158,39.59,711,26.04,0.660,2868175
Colorado,2018,Colorado2018,Male,Pancreas,392,13.44,329,11.41,0.850,2868175
Colorado,2019,Colorado2019,Female,Colon and Rectum,924,28.08,324,9.58,0.340,2857610
Colorado,2019,Colorado2019,Female,Lung and Bronchus,1320,37.36,713,20.67,0.550,2857610
Colorado,2019,Colorado2019,Female,Pancreas,380,11.10,300,8.57,0.770,2857610
Colorado,2019,Colorado2019,Male,Colon and Rectum,1052,34.86,354,12.23,0.350,2900876
Colorado,2019,Colorado2019,Male,Lung and Bronchus,1170,38.96,761,26.41,0.680,2900876
Colorado,2019,Colorado2019,Male,Pancreas,385,12.47,318,10.58,0.850,2900876
Colorado,2020,Colorado2020,Female,Colon and Rectum,815,24.34,312,9.03,0.370,2881832
Colorado,2020,Colorado2020,Female,Lung and Bronchus,1239,34.25,750,20.98,0.610,2881832
Colorado,2020,Colorado2020,Female,Pancreas,375,10.37,325,9.07,0.870,2881832
Colorado,2020,Colorado2020,Male,Colon and Rectum,957,30.97,410,14.09,0.460,2925887
Colorado,2020,Colorado2020,Male,Lung and Bronchus,1134,37.09,729,24.56,0.660,2925887
Colorado,2020,Colorado2020,Male,Pancreas,415,13.28,318,10.57,0.800,2925887
Connecticut,2010,Connecticut2010,Female,Colon and Rectum,881,36.12,281,10.71,0.300,1836823
Connecticut,2010,Connecticut2010,Female,Lung and Bronchus,1343,57.65,927,39.02,0.680,1836823
Connecticut,2010,Connecticut2010,Female,Pancreas,299,12.45,243,9.85,0.790,1836823
Connecticut,2010,Connecticut2010,Male,Colon and Rectum,873,47.71,272,15.01,0.310,1742350
Connecticut,2010,Connecticut2010,Male,Lung and Bronchus,1316,71.99,928,51.41,0.710,1742350
Connecticut,2010,Connecticut2010,Male,Pancreas,265,14.70,232,12.81,0.870,1742350
Connecticut,2011,Connecticut2011,Female,Colon and Rectum,817,34.15,273,10.63,0.310,1840904
Connecticut,2011,Connecticut2011,Female,Lung and Bronchus,1296,55.57,842,34.82,0.630,1840904
Connecticut,2011,Connecticut2011,Female,Pancreas,297,12.13,256,10.30,0.850,1840904
Connecticut,2011,Connecticut2011,Male,Colon and Rectum,859,46.30,248,13.41,0.290,1747728
Connecticut,2011,Connecticut2011,Male,Lung and Bronchus,1355,73.75,892,48.79,0.660,1747728
Connecticut,2011,Connecticut2011,Male,Pancreas,289,15.45,251,13.57,0.880,1747728
Connecticut,2012,Connecticut2012,Female,Colon and Rectum,880,36.29,269,10.51,0.290,1843669
Connecticut,2012,Connecticut2012,Female,Lung and Bronchus,1381,57.31,805,32.16,0.560,1843669
Connecticut,2012,Connecticut2012,Female,Pancreas,307,12.31,265,10.32,0.840,1843669
Connecticut,2012,Connecticut2012,Male,Colon and Rectum,891,46.12,258,13.73,0.300,1751542
Connecticut,2012,Connecticut2012,Male,Lung and Bronchus,1289,68.00,846,44.71,0.660,1751542
Connecticut,2012,Connecticut2012,Male,Pancreas,282,14.52,214,11.28,0.780,1751542
Connecticut,2013,Connecticut2013,Female,Colon and Rectum,765,31.33,272,10.19,0.330,1843190
Connecticut,2013,Connecticut2013,Female,Lung and Bronchus,1423,58.51,823,32.75,0.560,1843190
Connecticut,2013,Connecticut2013,Female,Pancreas,288,11.43,233,8.92,0.780,1843190
Connecticut,2013,Connecticut2013,Male,Colon and Rectum,832,43.06,265,13.61,0.320,1752602
Connecticut,2013,Connecticut2013,Male,Lung and Bronchus,1341,69.07,844,43.85,0.630,1752602
Connecticut,2013,Connecticut2013,Male,Pancreas,290,14.66,231,11.81,0.810,1752602
Connecticut,2014,Connecticut2014,Female,Colon and Rectum,832,33.68,267,9.63,0.290,1842252
Connecticut,2014,Connecticut2014,Female,Lung and Bronchus,1381,55.53,836,32.54,0.590,1842252
Connecticut,2014,Connecticut2014,Female,Pancreas,312,12.32,245,9.34,0.760,1842252
Connecticut,2014,Connecticut2014,Male,Colon and Rectum,777,39.41,255,13.04,0.330,1753445
Connecticut,2014,Connecticut2014,Male,Lung and Bronchus,1309,66.09,818,41.84,0.630,1753445
Connecticut,2014,Connecticut2014,Male,Pancreas,321,15.91,244,12.52,0.790,1753445
Connecticut,2015,Connecticut2015,Female,Colon and Rectum,792,31.40,280,10.40,0.330,1838202
Connecticut,2015,Connecticut2015,Female,Lung and Bronchus,1376,54.67,792,30.95,0.570,1838202
Connecticut,2015,Connecticut2015,Female,Pancreas,314,12.20,257,9.79,0.800,1838202
Connecticut,2015,Connecticut2015,Male,Colon and Rectum,806,39.96,256,13.06,0.330,1750359
Connecticut,2015,Connecticut2015,Male,Lung and Bronchus,1272,62.84,776,38.85,0.620,1750359
Connecticut,2015,Connecticut2015,Male,Pancreas,323,15.67,228,10.97,0.700,1750359
Connecticut,2016,Connecticut2016,Female,Colon and Rectum,761,30.55,238,8.53,0.280,1833898
Connecticut,2016,Connecticut2016,Female,Lung and Bronchus,1452,57.02,786,29.99,0.530,1833898
Connecticut,2016,Connecticut2016,Female,Pancreas,331,12.39,266,9.72,0.780,1833898
Connecticut,2016,Connecticut2016,Male,Colon and Rectum,852,41.92,264,13.42,0.320,1745932
Connecticut,2016,Connecticut2016,Male,Lung and Bronchus,1338,64.91,786,38.80,0.600,1745932
Connecticut,2016,Connecticut2016,Male,Pancreas,356,17.13,265,13.00,0.760,1745932
Connecticut,2017,Connecticut2017,Female,Colon and Rectum,753,29.88,227,8.39,0.280,1831503
Connecticut,2017,Connecticut2017,Female,Lung and Bronchus,1471,55.97,785,29.09,0.520,1831503
Connecticut,2017,Connecticut2017,Female,Pancreas,320,12.08,259,9.45,0.780,1831503
Connecticut,2017,Connecticut2017,Male,Colon and Rectum,783,38.72,246,12.20,0.310,1743821
Connecticut,2017,Connecticut2017,Male,Lung and Bronchus,1363,64.69,723,35.23,0.540,1743821
Connecticut,2017,Connecticut2017,Male,Pancreas,302,14.28,260,12.61,0.880,1743821
Connecticut,2018,Connecticut2018,Female,Colon and Rectum,784,31.34,240,8.67,0.280,1831360
Connecticut,2018,Connecticut2018,Female,Lung and Bronchus,1376,51.34,712,25.73,0.500,1831360
Connecticut,2018,Connecticut2018,Female,Pancreas,331,12.31,305,10.86,0.880,1831360
Connecticut,2018,Connecticut2018,Male,Colon and Rectum,826,39.64,242,11.58,0.290,1743201
Connecticut,2018,Connecticut2018,Male,Lung and Bronchus,1279,59.53,753,35.53,0.600,1743201
Connecticut,2018,Connecticut2018,Male,Pancreas,353,16.75,280,13.06,0.780,1743201
Connecticut,2019,Connecticut2019,Female,Colon and Rectum,706,27.27,241,8.12,0.300,1826990
Connecticut,2019,Connecticut2019,Female,Lung and Bronchus,1440,53.17,698,24.93,0.470,1826990
Connecticut,2019,Connecticut2019,Female,Pancreas,321,11.57,251,8.70,0.750,1826990
Connecticut,2019,Connecticut2019,Male,Colon and Rectum,827,39.17,264,12.74,0.330,1739032
Connecticut,2019,Connecticut2019,Male,Lung and Bronchus,1283,58.55,703,32.81,0.560,1739032
Connecticut,2019,Connecticut2019,Male,Pancreas,326,15.05,262,12.15,0.810,1739032
Connecticut,2020,Connecticut2020,Female,Colon and Rectum,707,28.09,247,8.74,0.310,1822086
Connecticut,2020,Connecticut2020,Female,Lung and Bronchus,1273,46.12,706,25.06,0.540,1822086
Connecticut,2020,Connecticut2020,Female,Pancreas,356,13.17,261,9.40,0.710,1822086
Connecticut,2020,Connecticut2020,Male,Colon and Rectum,709,33.63,280,13.02,0.390,1734920
Connecticut,2020,Connecticut2020,Male,Lung and Bronchus,1085,48.12,715,32.42,0.670,1734920
Connecticut,2020,Connecticut2020,Male,Pancreas,344,15.50,245,11.14,0.720,1734920
Delaware,2010,Delaware2010,Female,Colon and Rectum,227,38.39,62,10.39,0.270,463974
Delaware,2010,Delaware2010,Female,Lung and Bronchus,369,63.78,270,46.36,0.730,463974
Delaware,2010,Delaware2010,Female,Pancreas,61,10.35,45,8.02,0.780,463974
Delaware,2010,Delaware2010,Male,Colon and Rectum,218,46.91,89,20.10,0.430,435673
Delaware,2010,Delaware2010,Male,Lung and Bronchus,372,79.78,333,72.78,0.910,435673
Delaware,2010,Delaware2010,Male,Pancreas,64,13.62,69,15.21,1.120,435673
Delaware,2011,Delaware2011,Female,Colon and Rectum,189,31.83,76,12.32,0.390,468243
Delaware,2011,Delaware2011,Female,Lung and Bronchus,370,63.36,249,42.34,0.670,468243
Delaware,2011,Delaware2011,Female,Pancreas,77,12.71,73,12.19,0.960,468243
Delaware,2011,Delaware2011,Male,Colon and Rectum,215,46.35,65,13.84,0.300,439347
Delaware,2011,Delaware2011,Male,Lung and Bronchus,450,93.50,309,64.82,0.690,439347
Delaware,2011,Delaware2011,Male,Pancreas,72,14.16,65,13.25,0.940,439347
Delaware,2012,Delaware2012,Female,Colon and Rectum,186,31.90,76,12.30,0.390,472124
Delaware,2012,Delaware2012,Female,Lung and Bronchus,382,62.96,285,46.31,0.740,472124
Delaware,2012,Delaware2012,Female,Pancreas,71,11.45,51,8.02,0.700,472124
Delaware,2012,Delaware2012,Male,Colon and Rectum,200,40.52,71,14.33,0.350,443394
Delaware,2012,Delaware2012,Male,Lung and Bronchus,390,78.98,295,61.50,0.780,443394
Delaware,2012,Delaware2012,Male,Pancreas,86,17.16,68,13.80,0.800,443394
Delaware,2013,Delaware2013,Female,Colon and Rectum,181,30.45,50,8.06,0.260,476810
Delaware,2013,Delaware2013,Female,Lung and Bronchus,405,63.04,238,37.22,0.590,476810
Delaware,2013,Delaware2013,Female,Pancreas,80,12.81,63,9.62,0.750,476810
Delaware,2013,Delaware2013,Male,Colon and Rectum,214,41.77,101,21.42,0.510,447252
Delaware,2013,Delaware2013,Male,Lung and Bronchus,422,81.59,314,61.62,0.760,447252
Delaware,2013,Delaware2013,Male,Pancreas,97,18.70,66,13.36,0.710,447252
Delaware,2014,Delaware2014,Female,Colon and Rectum,209,33.09,73,11.31,0.340,481448
Delaware,2014,Delaware2014,Female,Lung and Bronchus,417,63.64,274,41.18,0.650,481448
Delaware,2014,Delaware2014,Female,Pancreas,85,12.86,66,10.04,0.780,481448
Delaware,2014,Delaware2014,Male,Colon and Rectum,225,43.13,77,15.72,0.360,451683
Delaware,2014,Delaware2014,Male,Lung and Bronchus,401,75.21,275,52.13,0.690,451683
Delaware,2014,Delaware2014,Male,Pancreas,88,16.12,79,14.56,0.900,451683
Delaware,2015,Delaware2015,Female,Colon and Rectum,234,37.49,74,11.54,0.310,486044
Delaware,2015,Delaware2015,Female,Lung and Bronchus,415,62.02,255,38.01,0.610,486044
Delaware,2015,Delaware2015,Female,Pancreas,88,13.18,77,11.48,0.870,486044
Delaware,2015,Delaware2015,Male,Colon and Rectum,232,43.52,84,15.05,0.350,456021
Delaware,2015,Delaware2015,Male,Lung and Bronchus,477,86.43,306,57.56,0.670,456021
Delaware,2015,Delaware2015,Male,Pancreas,95,17.19,74,13.83,0.800,456021
Delaware,2016,Delaware2016,Female,Colon and Rectum,215,32.43,73,10.39,0.320,490492
Delaware,2016,Delaware2016,Female,Lung and Bronchus,453,63.40,261,37.14,0.590,490492
Delaware,2016,Delaware2016,Female,Pancreas,78,11.16,67,9.54,0.860,490492
Delaware,2016,Delaware2016,Male,Colon and Rectum,267,47.94,91,16.54,0.350,459497
Delaware,2016,Delaware2016,Male,Lung and Bronchus,421,74.47,295,52.91,0.710,459497
Delaware,2016,Delaware2016,Male,Pancreas,89,15.29,87,15.07,0.990,459497
Delaware,2017,Delaware2017,Female,Colon and Rectum,214,31.51,83,12.15,0.390,494606
Delaware,2017,Delaware2017,Female,Lung and Bronchus,405,54.55,243,33.22,0.610,494606
Delaware,2017,Delaware2017,Female,Pancreas,77,10.90,79,11.10,1.200,494606
Delaware,2017,Delaware2017,Male,Colon and Rectum,249,45.89,89,15.98,0.350,463336
Delaware,2017,Delaware2017,Male,Lung and Bronchus,383,63.94,307,51.58,0.810,463336
Delaware,2017,Delaware2017,Male,Pancreas,103,17.36,82,13.47,0.780,463336
Delaware,2018,Delaware2018,Female,Colon and Rectum,230,33.93,80,10.98,0.320,499426
Delaware,2018,Delaware2018,Female,Lung and Bronchus,424,55.87,272,35.66,0.640,499426
Delaware,2018,Delaware2018,Female,Pancreas,91,12.20,77,10.55,0.860,499426
Delaware,2018,Delaware2018,Male,Colon and Rectum,214,37.58,87,15.31,0.410,467559
Delaware,2018,Delaware2018,Male,Lung and Bronchus,393,62.31,257,43.01,0.690,467559
Delaware,2018,Delaware2018,Male,Pancreas,87,14.16,88,14.58,1.030,467559
Delaware,2019,Delaware2019,Female,Colon and Rectum,198,27.59,73,10.16,0.370,504571
Delaware,2019,Delaware2019,Female,Lung and Bronchus,383,48.20,233,29.76,0.620,504571
Delaware,2019,Delaware2019,Female,Pancreas,119,15.80,73,9.29,0.590,504571
Delaware,2019,Delaware2019,Male,Colon and Rectum,237,40.18,90,14.82,0.370,472097
Delaware,2019,Delaware2019,Male,Lung and Bronchus,414,63.82,271,42.77,0.670,472097
Delaware,2019,Delaware2019,Male,Pancreas,111,18.02,93,15.02,0.830,472097
Delaware,2020,Delaware2020,Female,Colon and Rectum,181,24.58,79,10.34,0.420,510069
Delaware,2020,Delaware2020,Female,Lung and Bronchus,347,42.89,243,30.01,0.700,510069
Delaware,2020,Delaware2020,Female,Pancreas,88,11.16,91,11.37,1.020,510069
Delaware,2020,Delaware2020,Male,Colon and Rectum,187,30.94,92,15.05,0.490,476740
Delaware,2020,Delaware2020,Male,Lung and Bronchus,340,50.08,264,40.19,0.800,476740
Delaware,2020,Delaware2020,Male,Pancreas,97,14.60,102,15.54,1.060,476740
District of Columbia,2010,District of Columbia2010,Female,Colon and Rectum,159,48.06,60,17.63,0.370,319308
District of Columbia,2010,District of Columbia2010,Female,Lung and Bronchus,165,50.82,100,30.47,0.600,319308
District of Columbia,2010,District of Columbia2010,Female,Pancreas,39,12.33,47,14.16,1.150,319308
District of Columbia,2010,District of Columbia2010,Male,Colon and Rectum,113,43.16,54,21.70,,285974
District of Columbia,2010,District of Columbia2010,Male,Lung and Bronchus,184,72.37,126,50.14,,285974
District of Columbia,2010,District of Columbia2010,Male,Pancreas,36,14.25,37,16.93,1.050,285974
District of Columbia,2011,District of Columbia2011,Female,Colon and Rectum,128,37.45,70,19.68,1.13,326595
District of Columbia,2011,District of Columbia2011,Female,Lung and Bronchus,156,46.40,118,34.48,1.10,326595
District of Columbia,2011,District of Columbia2011,Female,Pancreas,44,12.27,38,11.32,1.17,326595
District of Columbia,2011,District of Columbia2011,Male,Colon and Rectum,131,50.73,46,18.83,1.00,293695
District of Columbia,2011,District of Columbia2011,Male,Lung and Bronchus,176,69.14,118,48.30,1.08,293695
District of Columbia,2011,District of Columbia2011,Male,Pancreas,51,19.64,38,14.55,1.10,293695
District of Columbia,2012,District of Columbia2012,Female,Colon and Rectum,109,31.93,44,12.44,1.09,334714
District of Columbia,2012,District of Columbia2012,Female,Lung and Bronchus,182,51.57,113,31.53,1.01,334714
District of Columbia,2012,District of Columbia2012,Female,Pancreas,54,15.11,42,12.03,1.07,334714
District of Columbia,2012,District of Columbia2012,Male,Colon and Rectum,137,50.96,33,12.06,1.07,301023
District of Columbia,2012,District of Columbia2012,Male,Lung and Bronchus,198,74.38,128,50.91,1.07,301023
District of Columbia,2012,District of Columbia2012,Male,Pancreas,47,16.03,37,13.95,1.10,301023
District of Columbia,2013,District of Columbia2013,Female,Colon and Rectum,146,41.35,44,12.43,1.08,342422
District of Columbia,2013,District of Columbia2013,Female,Lung and Bronchus,174,49.59,125,35.00,1.03,342422
District of Columbia,2013,District of Columbia2013,Female,Pancreas,47,13.94,43,11.72,1.02,342422
District of Columbia,2013,District of Columbia2013,Male,Colon and Rectum,104,39.64,42,15.77,1.04,309137
District of Columbia,2013,District of Columbia2013,Male,Lung and Bronchus,161,59.60,134,52.84,1.01,309137
District of Columbia,2013,District of Columbia2013,Male,Pancreas,52,19.01,34,12.54,1.01,309137
District of Columbia,2014,District of Columbia2014,Female,Colon and Rectum,139,38.39,54,14.60,1.01,348388
District of Columbia,2014,District of Columbia2014,Female,Lung and Bronchus,165,45.43,122,34.27,1.27,348388
District of Columbia,2014,District of Columbia2014,Female,Pancreas,46,12.73,39,10.75,1.09,348388
District of Columbia,2014,District of Columbia2014,Male,Colon and Rectum,156,56.57,61,23.66,1.13,315215
District of Columbia,2014,District of Columbia2014,Male,Lung and Bronchus,160,56.80,122,42.95,1.03,315215
District of Columbia,2014,District of Columbia2014,Male,Pancreas,56,20.43,50,18.63,1.10,315215
District of Columbia,2015,District of Columbia2015,Female,Colon and Rectum,108,30.21,54,13.35,1.02,355848
District of Columbia,2015,District of Columbia2015,Female,Lung and Bronchus,174,46.73,99,26.12,1.18,355848
District of Columbia,2015,District of Columbia2015,Female,Pancreas,61,16.08,43,10.76,1.11,355848
District of Columbia,2015,District of Columbia2015,Male,Colon and Rectum,108,35.98,56,19.29,1.03,321166
District of Columbia,2015,District of Columbia2015,Male,Lung and Bronchus,138,47.28,105,37.20,1.08,321166
District of Columbia,2015,District of Columbia2015,Male,Pancreas,59,20.72,48,16.78,1.03,321166
District of Columbia,2016,District of Columbia2016,Female,Colon and Rectum,129,36.03,52,13.40,1.04,361065
District of Columbia,2016,District of Columbia2016,Female,Lung and Bronchus,152,40.11,94,23.88,1.10,361065
District of Columbia,2016,District of Columbia2016,Female,Pancreas,44,11.21,48,12.71,1.020,361065
District of Columbia,2016,District of Columbia2016,Male,Colon and Rectum,104,34.28,50,18.83,1.09,326511
District of Columbia,2016,District of Columbia2016,Male,Lung and Bronchus,123,43.35,92,32.91,1.00,326511
District of Columbia,2016,District of Columbia2016,Male,Pancreas,46,16.17,41,14.85,1.00,326511
District of Columbia,2017,District of Columbia2017,Female,Colon and Rectum,131,34.36,49,12.56,1.03,366336
District of Columbia,2017,District of Columbia2017,Female,Lung and Bronchus,155,39.71,98,25.75,1.14,366336
District of Columbia,2017,District of Columbia2017,Female,Pancreas,59,15.53,44,11.20,1.14,366336
District of Columbia,2017,District of Columbia2017,Male,Colon and Rectum,114,38.70,44,14.23,1.06,330743
District of Columbia,2017,District of Columbia2017,Male,Lung and Bronchus,141,47.48,104,36.13,1.08,330743
District of Columbia,2017,District of Columbia2017,Male,Pancreas,45,15.53,32,11.16,1.03,330743
District of Columbia,2018,District of Columbia2018,Female,Colon and Rectum,118,30.56,45,11.55,1.03,369821
District of Columbia,2018,District of Columbia2018,Female,Lung and Bronchus,152,39.13,74,19.06,1.07,369821
District of Columbia,2018,District of Columbia2018,Female,Pancreas,64,16.11,63,15.36,1.11,369821
District of Columbia,2018,District of Columbia2018,Male,Colon and Rectum,138,46.89,41,13.63,1.07,334326
District of Columbia,2018,District of Columbia2018,Male,Lung and Bronchus,156,52.46,95,32.40,1.11,334326
District of Columbia,2018,District of Columbia2018,Male,Pancreas,50,17.22,47,16.45,1.02,334326
District of Columbia,2019,District of Columbia2019,Female,Colon and Rectum,116,29.52,44,11.03,1.02,372393
District of Columbia,2019,District of Columbia2019,Female,Lung and Bronchus,169,41.56,84,20.74,1.03,372393
District of Columbia,2019,District of Columbia2019,Female,Pancreas,51,12.37,47,11.71,2.66,372393
District of Columbia,2019,District of Columbia2019,Male,Colon and Rectum,127,41.49,53,18.75,1.14,335860
District of Columbia,2019,District of Columbia2019,Male,Lung and Bronchus,157,54.64,107,38.52,1.20,335860
District of Columbia,2019,District of Columbia2019,Male,Pancreas,57,18.78,47,15.65,1.04,335860
District of Columbia,2020,District of Columbia2020,Female,Colon and Rectum,98,26.56,55,13.34,1.00,374884
District of Columbia,2020,District of Columbia2020,Female,Lung and Bronchus,147,36.26,94,22.76,1.13,374884
District of Columbia,2020,District of Columbia2020,Female,Pancreas,56,13.69,40,9.70,1.02,374884
District of Columbia,2020,District of Columbia2020,Male,Colon and Rectum,106,33.46,44,14.32,1.00,337932
District of Columbia,2020,District of Columbia2020,Male,Lung and Bronchus,124,40.52,79,26.06,1.24,337932
District of Columbia,2020,District of Columbia2020,Male,Pancreas,42,13.48,37,12.02,1.16,337932
Florida,2010,Florida2010,Female,Colon and Rectum,4522,33.50,1675,11.77,1.11,9633882
Florida,2010,Florida2010,Female,Lung and Bronchus,7787,56.73,5297,37.85,0.670,9633882
Florida,2010,Florida2010,Female,Pancreas,1449,10.37,1298,9.04,0.870,9633882
Florida,2010,Florida2010,Male,Colon and Rectum,5136,45.68,1917,16.99,0.370,9212261
Florida,2010,Florida2010,Male,Lung and Bronchus,9044,78.40,6712,58.54,0.750,9212261
Florida,2010,Florida2010,Male,Pancreas,1529,13.38,1397,12.26,0.920,9212261
Florida,2011,Florida2011,Female,Colon and Rectum,4796,34.74,1742,11.99,0.350,9736576
Florida,2011,Florida2011,Female,Lung and Bronchus,7715,54.69,5239,36.36,0.660,9736576
Florida,2011,Florida2011,Female,Pancreas,1523,10.65,1354,9.22,0.870,9736576
Florida,2011,Florida2011,Male,Colon and Rectum,5423,47.16,1912,16.59,0.350,9319031
Florida,2011,Florida2011,Male,Lung and Bronchus,8876,74.85,6579,55.73,0.740,9319031
Florida,2011,Florida2011,Male,Pancreas,1607,13.70,1362,11.54,0.840,9319031
Florida,2012,Florida2012,Female,Colon and Rectum,4652,33.21,1700,11.37,0.340,9864969
Florida,2012,Florida2012,Female,Lung and Bronchus,8048,55.50,5233,35.32,0.640,9864969
Florida,2012,Florida2012,Female,Pancreas,1537,10.44,1351,8.86,0.850,9864969
Florida,2012,Florida2012,Male,Colon and Rectum,5132,43.39,1948,16.35,0.380,9437047
Florida,2012,Florida2012,Male,Lung and Bronchus,9077,74.29,6748,55.47,0.750,9437047
Florida,2012,Florida2012,Male,Pancreas,1742,14.41,1514,12.53,0.870,9437047
Florida,2013,Florida2013,Female,Colon and Rectum,4805,33.49,1668,10.97,0.330,9991577
Florida,2013,Florida2013,Female,Lung and Bronchus,7954,53.37,5347,35.12,0.660,9991577
Florida,2013,Florida2013,Female,Pancreas,1566,10.47,1363,8.73,0.830,9991577
Florida,2013,Florida2013,Male,Colon and Rectum,5380,44.29,2030,16.53,0.370,9560101
Florida,2013,Florida2013,Male,Lung and Bronchus,8997,71.52,6568,52.13,0.730,9560101
Florida,2013,Florida2013,Male,Pancreas,1769,14.22,1440,11.54,0.810,9560101
Florida,2014,Florida2014,Female,Colon and Rectum,4810,33.01,1729,11.05,0.330,10146227
Florida,2014,Florida2014,Female,Lung and Bronchus,7979,51.86,5294,33.75,0.650,10146227
Florida,2014,Florida2014,Female,Pancreas,1685,11.03,1396,8.72,0.790,10146227
Florida,2014,Florida2014,Male,Colon and Rectum,5558,44.41,1963,15.52,0.350,9707653
Florida,2014,Florida2014,Male,Lung and Bronchus,9191,70.52,6462,49.73,0.710,9707653
Florida,2014,Florida2014,Male,Pancreas,1908,14.78,1580,12.20,0.830,9707653
Florida,2015,Florida2015,Female,Colon and Rectum,4927,33.04,1729,10.89,0.330,10330862
Florida,2015,Florida2015,Female,Lung and Bronchus,8140,51.32,5350,33.08,0.640,10330862
Florida,2015,Florida2015,Female,Pancreas,1771,11.24,1481,9.08,0.810,10330862
Florida,2015,Florida2015,Male,Colon and Rectum,5525,43.23,1970,15.12,0.350,9888249
Florida,2015,Florida2015,Male,Lung and Bronchus,9030,66.92,6581,48.94,0.730,9888249
Florida,2015,Florida2015,Male,Pancreas,1988,14.99,1644,12.20,0.810,9888249
Florida,2016,Florida2016,Female,Colon and Rectum,5036,32.98,1800,10.97,0.330,10540185
Florida,2016,Florida2016,Female,Lung and Bronchus,8306,50.59,5074,30.22,0.600,10540185
Florida,2016,Florida2016,Female,Pancreas,1811,11.16,1548,9.20,0.820,10540185
Florida,2016,Florida2016,Male,Colon and Rectum,5588,42.39,2092,15.47,0.360,10087052
Florida,2016,Florida2016,Male,Lung and Bronchus,9293,66.53,6143,43.95,0.660,10087052
Florida,2016,Florida2016,Male,Pancreas,2006,14.65,1748,12.75,0.870,10087052
Florida,2017,Florida2017,Female,Colon and Rectum,4845,31.11,1818,10.78,0.350,10720663
Florida,2017,Florida2017,Female,Lung and Bronchus,8614,50.74,5134,29.67,0.580,10720663
Florida,2017,Florida2017,Female,Pancreas,1903,11.28,1569,9.03,0.800,10720663
Florida,2017,Florida2017,Male,Colon and Rectum,5566,41.05,2148,15.40,0.380,10256426
Florida,2017,Florida2017,Male,Lung and Bronchus,9224,63.79,6269,43.39,0.680,10256426
Florida,2017,Florida2017,Male,Pancreas,2091,14.87,1720,12.00,0.810,10256426
Florida,2018,Florida2018,Female,Colon and Rectum,4965,31.05,1810,10.45,0.340,10863662
Florida,2018,Florida2018,Female,Lung and Bronchus,8744,49.96,5135,28.75,0.580,10863662
Florida,2018,Florida2018,Female,Pancreas,1941,11.25,1621,8.97,0.800,10863662
Florida,2018,Florida2018,Male,Colon and Rectum,5609,40.31,2166,15.17,0.380,10391264
Florida,2018,Florida2018,Male,Lung and Bronchus,9447,63.13,6153,41.17,0.650,10391264
Florida,2018,Florida2018,Male,Pancreas,2124,14.48,1769,11.99,0.830,10391264
Florida,2019,Florida2019,Female,Colon and Rectum,5125,31.55,1736,9.85,0.310,10987074
Florida,2019,Florida2019,Female,Lung and Bronchus,8907,49.25,5059,27.49,0.560,10987074
Florida,2019,Florida2019,Female,Pancreas,2044,11.37,1642,8.91,0.780,10987074
Florida,2019,Florida2019,Male,Colon and Rectum,5711,40.21,2090,14.39,0.360,10504982
Florida,2019,Florida2019,Male,Lung and Bronchus,9203,59.66,5874,38.01,0.640,10504982
Florida,2019,Florida2019,Male,Pancreas,2354,15.54,1848,12.16,0.780,10504982
Florida,2020,Florida2020,Female,Colon and Rectum,4526,27.47,1718,9.57,0.350,11113132
Florida,2020,Florida2020,Female,Lung and Bronchus,8147,44.03,4933,26.07,0.590,11113132
Florida,2020,Florida2020,Female,Pancreas,2012,11.05,1635,8.64,0.780,11113132
Florida,2020,Florida2020,Male,Colon and Rectum,5339,37.07,2082,13.90,0.370,10620180
Florida,2020,Florida2020,Male,Lung and Bronchus,8498,53.62,5866,37.08,0.690,10620180
Florida,2020,Florida2020,Male,Pancreas,2308,14.95,1885,12.03,0.800,10620180
Georgia,2010,Georgia2010,Female,Colon and Rectum,1810,35.48,662,13.09,0.370,4970859
Georgia,2010,Georgia2010,Female,Lung and Bronchus,2676,52.59,1855,36.72,0.700,4970859
Georgia,2010,Georgia2010,Female,Pancreas,541,10.74,454,9.14,0.850,4970859
Georgia,2010,Georgia2010,Male,Colon and Rectum,2014,48.51,790,20.69,0.430,4741350
Georgia,2010,Georgia2010,Male,Lung and Bronchus,3408,86.05,2563,66.48,0.770,4741350
Georgia,2010,Georgia2010,Male,Pancreas,530,13.48,485,12.88,0.960,4741350
Georgia,2011,Georgia2011,Female,Colon and Rectum,1916,36.67,703,13.62,0.370,5016509
Georgia,2011,Georgia2011,Female,Lung and Bronchus,2773,53.37,1882,36.39,0.680,5016509
Georgia,2011,Georgia2011,Female,Pancreas,546,10.47,472,9.14,0.870,5016509
Georgia,2011,Georgia2011,Male,Colon and Rectum,2077,49.41,757,19.34,0.390,4787121
Georgia,2011,Georgia2011,Male,Lung and Bronchus,3526,87.18,2590,65.48,0.750,4787121
Georgia,2011,Georgia2011,Male,Pancreas,576,13.84,427,10.57,0.760,4787121
Georgia,2012,Georgia2012,Female,Colon and Rectum,1960,36.51,655,12.30,0.340,5068404
Georgia,2012,Georgia2012,Female,Lung and Bronchus,2943,54.34,1923,36.17,0.670,5068404
Georgia,2012,Georgia2012,Female,Pancreas,616,11.45,465,8.81,0.770,5068404
Georgia,2012,Georgia2012,Male,Colon and Rectum,2205,50.17,747,18.39,0.370,4835176
Georgia,2012,Georgia2012,Male,Lung and Bronchus,3726,87.37,2717,66.60,0.760,4835176
Georgia,2012,Georgia2012,Male,Pancreas,657,15.50,549,13.05,0.840,4835176
Georgia,2013,Georgia2013,Female,Colon and Rectum,1953,35.43,623,11.36,0.320,5109687
Georgia,2013,Georgia2013,Female,Lung and Bronchus,2871,51.98,1921,34.87,0.670,5109687
Georgia,2013,Georgia2013,Female,Pancreas,650,11.74,478,8.79,0.750,5109687
Georgia,2013,Georgia2013,Male,Colon and Rectum,2260,49.30,829,19.33,0.390,4865905
Georgia,2013,Georgia2013,Male,Lung and Bronchus,3657,83.33,2673,62.22,0.750,4865905
Georgia,2013,Georgia2013,Male,Pancreas,662,15.01,526,12.48,0.830,4865905
Georgia,2014,Georgia2014,Female,Colon and Rectum,2022,35.76,702,12.62,0.350,5162257
Georgia,2014,Georgia2014,Female,Lung and Bronchus,2926,50.95,1926,34.18,0.670,5162257
Georgia,2014,Georgia2014,Female,Pancreas,673,11.95,538,9.46,0.790,5162257
Georgia,2014,Georgia2014,Male,Colon and Rectum,2365,50.35,828,19.60,0.390,4908947
Georgia,2014,Georgia2014,Male,Lung and Bronchus,3779,83.07,2690,60.74,0.730,4908947
Georgia,2014,Georgia2014,Male,Pancreas,687,14.80,565,12.38,0.840,4908947
Georgia,2015,Georgia2015,Female,Colon and Rectum,2111,36.30,716,12.39,0.340,5222914
Georgia,2015,Georgia2015,Female,Lung and Bronchus,2989,50.65,1838,31.23,0.620,5222914
Georgia,2015,Georgia2015,Female,Pancreas,654,11.20,549,9.48,0.850,5222914
Georgia,2015,Georgia2015,Male,Colon and Rectum,2425,49.61,890,19.62,0.400,4960439
Georgia,2015,Georgia2015,Male,Lung and Bronchus,3716,78.30,2610,56.96,0.730,4960439
Georgia,2015,Georgia2015,Male,Pancreas,749,15.91,594,12.89,0.810,4960439
Georgia,2016,Georgia2016,Female,Colon and Rectum,2185,36.67,711,11.96,0.330,5290447
Georgia,2016,Georgia2016,Female,Lung and Bronchus,3120,51.05,1852,30.73,0.600,5290447
Georgia,2016,Georgia2016,Female,Pancreas,677,11.24,541,8.98,0.800,5290447
Georgia,2016,Georgia2016,Male,Colon and Rectum,2444,48.69,875,18.74,0.380,5017995
Georgia,2016,Georgia2016,Male,Lung and Bronchus,3832,78.34,2548,53.81,0.690,5017995
Georgia,2016,Georgia2016,Male,Pancreas,765,15.90,611,12.76,0.800,5017995
Georgia,2017,Georgia2017,Female,Colon and Rectum,2078,33.89,752,12.27,0.360,5349075
Georgia,2017,Georgia2017,Female,Lung and Bronchus,3196,50.16,1879,30.01,0.600,5349075
Georgia,2017,Georgia2017,Female,Pancreas,752,12.07,594,9.63,0.800,5349075
Georgia,2017,Georgia2017,Male,Colon and Rectum,2379,45.87,858,17.39,0.380,5067956
Georgia,2017,Georgia2017,Male,Lung and Bronchus,3870,75.60,2513,50.90,0.670,5067956
Georgia,2017,Georgia2017,Male,Pancreas,701,13.57,562,11.19,0.820,5067956
Georgia,2018,Georgia2018,Female,Colon and Rectum,2119,33.95,728,11.62,0.340,5403773
Georgia,2018,Georgia2018,Female,Lung and Bronchus,3232,49.13,1934,29.73,0.610,5403773
Georgia,2018,Georgia2018,Female,Pancreas,763,12.01,621,9.70,0.810,5403773
Georgia,2018,Georgia2018,Male,Colon and Rectum,2477,47.08,863,17.15,0.360,5115616
Georgia,2018,Georgia2018,Male,Lung and Bronchus,3649,69.52,2471,48.23,0.690,5115616
Georgia,2018,Georgia2018,Male,Pancreas,813,15.64,680,13.47,0.860,5115616
Georgia,2019,Georgia2019,Female,Colon and Rectum,2169,33.58,718,11.20,0.330,5462335
Georgia,2019,Georgia2019,Female,Lung and Bronchus,3372,49.80,1893,28.40,0.570,5462335
Georgia,2019,Georgia2019,Female,Pancreas,776,11.62,639,9.61,0.830,5462335
Georgia,2019,Georgia2019,Male,Colon and Rectum,2542,46.94,856,16.15,0.340,5165685
Georgia,2019,Georgia2019,Male,Lung and Bronchus,3654,66.51,2420,46.02,0.690,5165685
Georgia,2019,Georgia2019,Male,Pancreas,839,15.55,680,12.85,0.830,5165685
Georgia,2020,Georgia2020,Female,Colon and Rectum,2052,31.58,722,10.92,0.350,5508468
Georgia,2020,Georgia2020,Female,Lung and Bronchus,2978,42.60,1793,25.91,0.610,5508468
Georgia,2020,Georgia2020,Female,Pancreas,837,12.28,653,9.48,0.770,5508468
Georgia,2020,Georgia2020,Male,Colon and Rectum,2284,41.10,884,16.58,0.400,5201549
Georgia,2020,Georgia2020,Male,Lung and Bronchus,3520,62.77,2361,43.06,0.690,5201549
Georgia,2020,Georgia2020,Male,Pancreas,880,15.78,712,13.01,0.820,5201549
Hawaii,2010,Hawaii2010,Female,Colon and Rectum,339,39.79,96,10.62,0.270,680708
Hawaii,2010,Hawaii2010,Female,Lung and Bronchus,318,36.84,224,25.60,0.690,680708
Hawaii,2010,Hawaii2010,Female,Pancreas,114,12.75,93,10.28,0.810,680708
Hawaii,2010,Hawaii2010,Male,Colon and Rectum,400,53.53,114,15.75,0.290,683296
Hawaii,2010,Hawaii2010,Male,Lung and Bronchus,414,56.66,324,44.73,0.790,683296
Hawaii,2010,Hawaii2010,Male,Pancreas,118,15.69,82,11.13,0.710,683296
Hawaii,2011,Hawaii2011,Female,Colon and Rectum,309,35.53,97,10.63,0.300,688528
Hawaii,2011,Hawaii2011,Female,Lung and Bronchus,341,39.04,234,26.00,0.670,688528
Hawaii,2011,Hawaii2011,Female,Pancreas,96,10.46,87,9.53,0.910,688528
Hawaii,2011,Hawaii2011,Male,Colon and Rectum,429,56.16,138,18.40,0.330,691034
Hawaii,2011,Hawaii2011,Male,Lung and Bronchus,423,56.80,309,41.83,0.740,691034
Hawaii,2011,Hawaii2011,Male,Pancreas,119,16.05,103,13.36,0.830,691034
Hawaii,2012,Hawaii2012,Female,Colon and Rectum,309,34.87,108,11.74,0.340,695606
Hawaii,2012,Hawaii2012,Female,Lung and Bronchus,355,38.57,206,21.93,0.570,695606
Hawaii,2012,Hawaii2012,Female,Pancreas,129,13.61,105,11.06,0.810,695606
Hawaii,2012,Hawaii2012,Male,Colon and Rectum,391,49.80,123,16.25,0.330,699593
Hawaii,2012,Hawaii2012,Male,Lung and Bronchus,426,55.10,289,38.37,0.700,699593
Hawaii,2012,Hawaii2012,Male,Pancreas,120,14.96,96,12.44,0.830,699593
Hawaii,2013,Hawaii2013,Female,Colon and Rectum,306,33.97,96,10.28,0.300,701564
Hawaii,2013,Hawaii2013,Female,Lung and Bronchus,369,40.10,255,26.88,0.670,701564
Hawaii,2013,Hawaii2013,Female,Pancreas,109,11.32,75,7.59,0.670,701564
Hawaii,2013,Hawaii2013,Male,Colon and Rectum,414,51.19,149,18.57,0.360,707258
Hawaii,2013,Hawaii2013,Male,Lung and Bronchus,501,63.00,301,38.09,0.600,707258
Hawaii,2013,Hawaii2013,Male,Pancreas,132,16.52,104,13.00,0.790,707258
Hawaii,2014,Hawaii2014,Female,Colon and Rectum,348,38.52,98,9.79,0.250,704261
Hawaii,2014,Hawaii2014,Female,Lung and Bronchus,353,36.89,236,24.78,0.670,704261
Hawaii,2014,Hawaii2014,Female,Pancreas,110,11.10,107,10.32,0.930,704261
Hawaii,2014,Hawaii2014,Male,Colon and Rectum,377,45.24,148,17.95,0.400,711074
Hawaii,2014,Hawaii2014,Male,Lung and Bronchus,435,53.65,329,40.13,0.750,711074
Hawaii,2014,Hawaii2014,Male,Pancreas,113,13.78,96,11.79,0.860,711074
Hawaii,2015,Hawaii2015,Female,Colon and Rectum,332,36.18,91,9.08,0.250,707788
Hawaii,2015,Hawaii2015,Female,Lung and Bronchus,361,35.25,256,25.05,0.710,707788
Hawaii,2015,Hawaii2015,Female,Pancreas,115,11.89,109,10.55,0.890,707788
Hawaii,2015,Hawaii2015,Male,Colon and Rectum,387,46.95,99,11.92,0.250,715211
Hawaii,2015,Hawaii2015,Male,Lung and Bronchus,469,56.01,333,39.67,0.710,715211
Hawaii,2015,Hawaii2015,Male,Pancreas,136,16.17,110,12.73,0.790,715211
Hawaii,2016,Hawaii2016,Female,Colon and Rectum,332,35.20,119,11.69,0.330,710710
Hawaii,2016,Hawaii2016,Female,Lung and Bronchus,331,33.40,214,20.48,0.610,710710
Hawaii,2016,Hawaii2016,Female,Pancreas,128,12.45,99,9.79,0.790,710710
Hawaii,2016,Hawaii2016,Male,Colon and Rectum,400,48.35,113,13.26,0.270,718175
Hawaii,2016,Hawaii2016,Male,Lung and Bronchus,504,59.82,329,39.32,0.660,718175
Hawaii,2016,Hawaii2016,Male,Pancreas,130,15.32,96,11.32,0.740,718175
Hawaii,2017,Hawaii2017,Female,Colon and Rectum,331,35.13,112,10.66,0.300,710227
Hawaii,2017,Hawaii2017,Female,Lung and Bronchus,388,37.41,221,20.56,0.550,710227
Hawaii,2017,Hawaii2017,Female,Pancreas,140,13.99,112,10.63,0.760,710227
Hawaii,2017,Hawaii2017,Male,Colon and Rectum,381,45.17,112,12.66,0.280,715536
Hawaii,2017,Hawaii2017,Male,Lung and Bronchus,489,55.48,324,37.54,0.680,715536
Hawaii,2017,Hawaii2017,Male,Pancreas,140,16.28,113,13.05,0.800,715536
Hawaii,2018,Hawaii2018,Female,Colon and Rectum,286,29.07,81,7.27,0.250,709720
Hawaii,2018,Hawaii2018,Female,Lung and Bronchus,372,35.12,241,22.04,0.630,709720
Hawaii,2018,Hawaii2018,Female,Pancreas,107,10.05,93,8.55,0.850,709720
Hawaii,2018,Hawaii2018,Male,Colon and Rectum,390,45.51,129,14.91,0.330,713382
Hawaii,2018,Hawaii2018,Male,Lung and Bronchus,454,49.35,276,30.42,0.620,713382
Hawaii,2018,Hawaii2018,Male,Pancreas,140,15.87,100,11.29,0.710,713382
Hawaii,2019,Hawaii2019,Female,Colon and Rectum,321,33.26,116,10.88,0.330,706419
Hawaii,2019,Hawaii2019,Female,Lung and Bronchus,390,37.16,246,22.59,0.610,706419
Hawaii,2019,Hawaii2019,Female,Pancreas,122,11.15,101,9.14,0.820,706419
Hawaii,2019,Hawaii2019,Male,Colon and Rectum,395,45.18,132,14.86,0.330,709196
Hawaii,2019,Hawaii2019,Male,Lung and Bronchus,438,47.67,297,32.36,0.680,709196
Hawaii,2019,Hawaii2019,Male,Pancreas,133,14.55,109,12.10,0.830,709196
Hawaii,2020,Hawaii2020,Female,Colon and Rectum,297,31.84,97,8.47,0.270,702640
Hawaii,2020,Hawaii2020,Female,Lung and Bronchus,358,33.02,212,18.08,0.550,702640
Hawaii,2020,Hawaii2020,Female,Pancreas,119,10.50,103,9.10,0.870,702640
Hawaii,2020,Hawaii2020,Male,Colon and Rectum,363,42.15,132,14.61,0.350,704366
Hawaii,2020,Hawaii2020,Male,Lung and Bronchus,353,37.24,274,29.21,0.780,704366
Hawaii,2020,Hawaii2020,Male,Pancreas,142,15.45,123,13.41,0.870,704366
Idaho,2010,Idaho2010,Female,Colon and Rectum,255,29.90,90,10.28,0.340,783970
Idaho,2010,Idaho2010,Female,Lung and Bronchus,410,47.97,261,30.52,0.640,783970
Idaho,2010,Idaho2010,Female,Pancreas,104,12.57,74,8.90,0.710,783970
Idaho,2010,Idaho2010,Male,Colon and Rectum,317,41.52,122,16.80,0.400,786849
Idaho,2010,Idaho2010,Male,Lung and Bronchus,428,57.54,351,48.05,0.840,786849
Idaho,2010,Idaho2010,Male,Pancreas,102,13.69,108,14.36,1.050,786849
Idaho,2011,Idaho2011,Female,Colon and Rectum,306,35.51,99,11.35,0.320,790969
Idaho,2011,Idaho2011,Female,Lung and Bronchus,421,48.70,282,31.98,0.660,790969
Idaho,2011,Idaho2011,Female,Pancreas,97,10.97,76,8.51,0.780,790969
Idaho,2011,Idaho2011,Male,Colon and Rectum,337,43.11,121,16.44,0.380,793303
Idaho,2011,Idaho2011,Male,Lung and Bronchus,440,57.55,337,45.06,0.780,793303
Idaho,2011,Idaho2011,Male,Pancreas,98,12.57,84,11.25,0.900,793303
Idaho,2012,Idaho2012,Female,Colon and Rectum,299,33.95,104,11.82,0.350,796813
Idaho,2012,Idaho2012,Female,Lung and Bronchus,455,50.12,295,32.82,0.650,796813
Idaho,2012,Idaho2012,Female,Pancreas,100,10.96,83,9.15,0.830,796813
Idaho,2012,Idaho2012,Male,Colon and Rectum,304,37.88,130,16.22,0.430,799097
Idaho,2012,Idaho2012,Male,Lung and Bronchus,446,56.78,325,41.02,0.720,799097
Idaho,2012,Idaho2012,Male,Pancreas,124,14.96,108,13.01,0.870,799097
Idaho,2013,Idaho2013,Female,Colon and Rectum,262,29.68,102,11.03,0.370,804640
Idaho,2013,Idaho2013,Female,Lung and Bronchus,418,46.09,281,30.35,0.660,804640
Idaho,2013,Idaho2013,Female,Pancreas,113,11.90,99,10.51,0.880,804640
Idaho,2013,Idaho2013,Male,Colon and Rectum,354,42.48,130,15.82,0.370,807413
Idaho,2013,Idaho2013,Male,Lung and Bronchus,436,52.62,347,43.59,0.830,807413
Idaho,2013,Idaho2013,Male,Pancreas,134,16.14,113,14.22,0.880,807413
Idaho,2014,Idaho2014,Female,Colon and Rectum,324,35.01,107,11.29,0.320,814428
Idaho,2014,Idaho2014,Female,Lung and Bronchus,439,45.26,305,31.79,0.700,814428
Idaho,2014,Idaho2014,Female,Pancreas,119,12.32,105,11.31,0.920,814428
Idaho,2014,Idaho2014,Male,Colon and Rectum,329,38.04,124,14.75,0.390,817820
Idaho,2014,Idaho2014,Male,Lung and Bronchus,511,59.90,354,42.20,0.700,817820
Idaho,2014,Idaho2014,Male,Pancreas,116,13.23,100,11.31,0.850,817820
Idaho,2015,Idaho2015,Female,Colon and Rectum,318,32.97,92,9.47,0.290,824601
Idaho,2015,Idaho2015,Female,Lung and Bronchus,449,45.97,304,30.71,0.670,824601
Idaho,2015,Idaho2015,Female,Pancreas,103,10.23,82,8.11,0.790,824601
Idaho,2015,Idaho2015,Male,Colon and Rectum,342,39.80,131,15.90,0.400,827894
Idaho,2015,Idaho2015,Male,Lung and Bronchus,514,58.77,345,39.35,0.670,827894
Idaho,2015,Idaho2015,Male,Pancreas,170,19.41,130,14.68,0.760,827894
Idaho,2016,Idaho2016,Female,Colon and Rectum,293,29.99,115,11.64,0.390,840378
Idaho,2016,Idaho2016,Female,Lung and Bronchus,469,46.08,267,26.64,0.580,840378
Idaho,2016,Idaho2016,Female,Pancreas,129,12.95,91,9.04,0.700,840378
Idaho,2016,Idaho2016,Male,Colon and Rectum,371,41.12,129,14.78,0.360,843658
Idaho,2016,Idaho2016,Male,Lung and Bronchus,481,53.45,312,36.12,0.680,843658
Idaho,2016,Idaho2016,Male,Pancreas,125,13.34,112,11.90,0.890,843658
Idaho,2017,Idaho2017,Female,Colon and Rectum,304,30.59,122,11.86,0.390,858030
Idaho,2017,Idaho2017,Female,Lung and Bronchus,514,48.45,278,26.37,0.540,858030
Idaho,2017,Idaho2017,Female,Pancreas,138,13.36,116,10.96,0.820,858030
Idaho,2017,Idaho2017,Male,Colon and Rectum,357,37.87,135,14.63,0.390,861715
Idaho,2017,Idaho2017,Male,Lung and Bronchus,496,50.89,329,34.85,0.680,861715
Idaho,2017,Idaho2017,Male,Pancreas,166,17.73,128,13.89,0.780,861715
Idaho,2018,Idaho2018,Female,Colon and Rectum,318,31.55,128,11.70,0.370,873726
Idaho,2018,Idaho2018,Female,Lung and Bronchus,465,42.18,308,28.25,0.670,873726
Idaho,2018,Idaho2018,Female,Pancreas,96,8.56,91,8.31,0.970,873726
Idaho,2018,Idaho2018,Male,Colon and Rectum,402,42.27,144,15.02,0.360,878348
Idaho,2018,Idaho2018,Male,Lung and Bronchus,515,51.67,325,33.18,0.640,878348
Idaho,2018,Idaho2018,Male,Pancreas,149,15.35,122,12.39,0.810,878348
Idaho,2019,Idaho2019,Female,Colon and Rectum,339,31.51,111,10.16,0.320,891995
Idaho,2019,Idaho2019,Female,Lung and Bronchus,529,45.49,269,23.58,0.520,891995
Idaho,2019,Idaho2019,Female,Pancreas,136,11.92,111,9.52,0.800,891995
Idaho,2019,Idaho2019,Male,Colon and Rectum,390,38.63,141,14.59,0.380,897065
Idaho,2019,Idaho2019,Male,Lung and Bronchus,487,46.28,303,29.52,0.640,897065
Idaho,2019,Idaho2019,Male,Pancreas,159,15.20,114,11.03,0.730,897065
Idaho,2020,Idaho2020,Female,Colon and Rectum,294,27.27,100,9.16,0.340,910789
Idaho,2020,Idaho2020,Female,Lung and Bronchus,458,37.09,277,22.79,0.610,910789
Idaho,2020,Idaho2020,Female,Pancreas,140,12.02,105,8.92,0.740,910789
Idaho,2020,Idaho2020,Male,Colon and Rectum,383,37.86,134,13.40,0.350,916124
Idaho,2020,Idaho2020,Male,Lung and Bronchus,473,42.90,311,29.02,0.680,916124
Idaho,2020,Idaho2020,Male,Pancreas,185,17.72,146,13.52,0.760,916124
Illinois,2010,Illinois2010,Female,Colon and Rectum,3037,39.58,1139,14.27,0.360,6543435
Illinois,2010,Illinois2010,Female,Lung and Bronchus,4486,59.99,3096,41.13,0.690,6543435
Illinois,2010,Illinois2010,Female,Pancreas,893,11.58,793,10.23,0.880,6543435
Illinois,2010,Illinois2010,Male,Colon and Rectum,3329,55.99,1159,20.12,0.360,6297110
Illinois,2010,Illinois2010,Male,Lung and Bronchus,4815,82.33,3575,62.10,0.750,6297110
Illinois,2010,Illinois2010,Male,Pancreas,888,15.11,751,12.95,0.860,6297110
Illinois,2011,Illinois2011,Female,Colon and Rectum,3124,40.25,1099,13.72,0.340,6555863
Illinois,2011,Illinois2011,Female,Lung and Bronchus,4447,58.19,3035,39.53,0.680,6555863
Illinois,2011,Illinois2011,Female,Pancreas,897,11.48,792,10.00,0.870,6555863
Illinois,2011,Illinois2011,Male,Colon and Rectum,3323,54.53,1079,18.32,0.340,6311920
Illinois,2011,Illinois2011,Male,Lung and Bronchus,4942,82.51,3581,60.94,0.740,6311920
Illinois,2011,Illinois2011,Male,Pancreas,902,14.90,768,13.01,0.870,6311920
Illinois,2012,Illinois2012,Female,Colon and Rectum,2940,37.40,1030,12.54,0.340,6562818
Illinois,2012,Illinois2012,Female,Lung and Bronchus,4534,58.63,3102,39.58,0.680,6562818
Illinois,2012,Illinois2012,Female,Pancreas,927,11.69,771,9.65,0.830,6562818
Illinois,2012,Illinois2012,Male,Colon and Rectum,3245,52.19,1186,19.90,0.380,6320211
Illinois,2012,Illinois2012,Male,Lung and Bronchus,4832,78.86,3576,59.21,0.750,6320211
Illinois,2012,Illinois2012,Male,Pancreas,919,14.57,770,12.39,0.850,6320211
Illinois,2013,Illinois2013,Female,Colon and Rectum,2983,37.56,1112,13.30,0.350,6566512
Illinois,2013,Illinois2013,Female,Lung and Bronchus,4334,54.70,3047,38.23,0.700,6566512
Illinois,2013,Illinois2013,Female,Pancreas,924,11.40,778,9.49,0.830,6566512
Illinois,2013,Illinois2013,Male,Colon and Rectum,3243,50.86,1153,18.84,0.370,6329266
Illinois,2013,Illinois2013,Male,Lung and Bronchus,4870,77.24,3485,56.00,0.720,6329266
Illinois,2013,Illinois2013,Male,Pancreas,979,15.34,788,12.68,0.830,6329266
Illinois,2014,Illinois2014,Female,Colon and Rectum,2953,36.77,1025,12.26,0.330,6560509
Illinois,2014,Illinois2014,Female,Lung and Bronchus,4745,58.95,3104,38.13,0.650,6560509
Illinois,2014,Illinois2014,Female,Pancreas,935,11.46,779,9.33,0.810,6560509
Illinois,2014,Illinois2014,Male,Colon and Rectum,3264,50.09,1136,18.36,0.370,6324583
Illinois,2014,Illinois2014,Male,Lung and Bronchus,4949,76.81,3546,56.46,0.730,6324583
Illinois,2014,Illinois2014,Male,Pancreas,1012,15.53,816,12.72,0.820,6324583
Illinois,2015,Illinois2015,Female,Colon and Rectum,2937,36.44,1129,13.35,0.370,6545496
Illinois,2015,Illinois2015,Female,Lung and Bronchus,4703,57.46,2937,35.46,0.620,6545496
Illinois,2015,Illinois2015,Female,Pancreas,1004,12.07,786,9.24,0.770,6545496
Illinois,2015,Illinois2015,Male,Colon and Rectum,3351,50.75,1213,18.97,0.370,6314089
Illinois,2015,Illinois2015,Male,Lung and Bronchus,4891,74.38,3469,53.38,0.720,6314089
Illinois,2015,Illinois2015,Male,Pancreas,1053,16.06,857,13.23,0.820,6314089
Illinois,2016,Illinois2016,Female,Colon and Rectum,3126,38.95,1053,12.03,0.310,6523873
Illinois,2016,Illinois2016,Female,Lung and Bronchus,4732,57.04,2991,35.58,0.620,6523873
Illinois,2016,Illinois2016,Female,Pancreas,1001,11.93,844,9.85,0.830,6523873
Illinois,2016,Illinois2016,Male,Colon and Rectum,3350,49.79,1123,16.95,0.340,6297836
Illinois,2016,Illinois2016,Male,Lung and Bronchus,4780,71.69,3251,49.69,0.690,6297836
Illinois,2016,Illinois2016,Male,Pancreas,1035,15.58,893,13.59,0.870,6297836
Illinois,2017,Illinois2017,Female,Colon and Rectum,2906,35.43,1077,12.48,0.350,6501339
Illinois,2017,Illinois2017,Female,Lung and Bronchus,4701,55.43,2848,33.21,0.600,6501339
Illinois,2017,Illinois2017,Female,Pancreas,1085,12.68,846,9.79,0.770,6501339
Illinois,2017,Illinois2017,Male,Colon and Rectum,3237,47.60,1146,17.43,0.370,6278554
Illinois,2017,Illinois2017,Male,Lung and Bronchus,4915,72.10,3161,47.00,0.650,6278554
Illinois,2017,Illinois2017,Male,Pancreas,1159,16.72,888,13.20,0.790,6278554
Illinois,2018,Illinois2018,Female,Colon and Rectum,2998,36.28,1028,11.80,0.330,6472590
Illinois,2018,Illinois2018,Female,Lung and Bronchus,4868,56.42,2679,30.71,0.540,6472590
Illinois,2018,Illinois2018,Female,Pancreas,1117,12.98,930,10.48,0.810,6472590
Illinois,2018,Illinois2018,Male,Colon and Rectum,3235,46.97,1149,16.84,0.360,6252095
Illinois,2018,Illinois2018,Male,Lung and Bronchus,4721,67.04,3056,44.45,0.660,6252095
Illinois,2018,Illinois2018,Male,Pancreas,1155,16.49,950,13.69,0.830,6252095
Illinois,2019,Illinois2019,Female,Colon and Rectum,2808,33.80,1007,11.41,0.340,6443120
Illinois,2019,Illinois2019,Female,Lung and Bronchus,4749,53.98,2731,30.86,0.570,6443120
Illinois,2019,Illinois2019,Female,Pancreas,1118,12.68,876,9.86,0.780,6443120
Illinois,2019,Illinois2019,Male,Colon and Rectum,3184,45.41,1134,16.54,0.360,6223897
Illinois,2019,Illinois2019,Male,Lung and Bronchus,4588,63.79,2972,42.37,0.660,6223897
Illinois,2019,Illinois2019,Male,Pancreas,1178,16.47,947,13.33,0.810,6223897
Illinois,2020,Illinois2020,Female,Colon and Rectum,2423,28.99,941,10.78,0.370,6402224
Illinois,2020,Illinois2020,Female,Lung and Bronchus,4298,48.01,2612,28.82,0.600,6402224
Illinois,2020,Illinois2020,Female,Pancreas,1023,11.52,953,10.53,0.910,6402224
Illinois,2020,Illinois2020,Male,Colon and Rectum,2869,40.78,1130,16.33,0.400,6185306
Illinois,2020,Illinois2020,Male,Lung and Bronchus,4241,58.28,2898,40.43,0.690,6185306
Illinois,2020,Illinois2020,Male,Pancreas,1094,15.06,990,13.69,0.910,6185306
Indiana,2010,Indiana2010,Female,Colon and Rectum,1527,39.31,529,12.96,0.330,3297382
Indiana,2010,Indiana2010,Female,Lung and Bronchus,2402,62.47,1792,45.97,0.740,3297382
Indiana,2010,Indiana2010,Female,Pancreas,431,10.98,378,9.50,0.870,3297382
Indiana,2010,Indiana2010,Male,Colon and Rectum,1625,52.72,589,19.55,0.370,3193173
Indiana,2010,Indiana2010,Male,Lung and Bronchus,2911,93.63,2304,75.05,0.800,3193173
Indiana,2010,Indiana2010,Male,Pancreas,445,13.92,402,12.92,0.930,3193173
Indiana,2011,Indiana2011,Female,Colon and Rectum,1610,40.94,580,14.12,0.340,3310293
Indiana,2011,Indiana2011,Female,Lung and Bronchus,2450,62.44,1645,41.64,0.670,3310293
Indiana,2011,Indiana2011,Female,Pancreas,431,10.57,390,9.55,0.900,3310293
Indiana,2011,Indiana2011,Male,Colon and Rectum,1581,49.45,630,20.98,0.420,3206957
Indiana,2011,Indiana2011,Male,Lung and Bronchus,2975,94.01,2238,71.89,0.760,3206957
Indiana,2011,Indiana2011,Male,Pancreas,450,14.25,395,12.61,0.880,3206957
Indiana,2012,Indiana2012,Female,Colon and Rectum,1526,38.17,560,13.59,0.360,3319458
Indiana,2012,Indiana2012,Female,Lung and Bronchus,2380,59.27,1718,42.75,0.720,3319458
Indiana,2012,Indiana2012,Female,Pancreas,483,11.70,390,9.40,0.800,3319458
Indiana,2012,Indiana2012,Male,Colon and Rectum,1632,49.83,617,19.37,0.390,3219531
Indiana,2012,Indiana2012,Male,Lung and Bronchus,2968,91.76,2257,70.98,0.770,3219531
Indiana,2012,Indiana2012,Male,Pancreas,497,15.13,399,12.68,0.840,3219531
Indiana,2013,Indiana2013,Female,Colon and Rectum,1565,39.03,542,12.70,0.330,3334467
Indiana,2013,Indiana2013,Female,Lung and Bronchus,2554,62.93,1728,42.05,0.670,3334467
Indiana,2013,Indiana2013,Female,Pancreas,481,11.65,411,9.78,0.840,3334467
Indiana,2013,Indiana2013,Male,Colon and Rectum,1648,49.58,593,18.26,0.370,3236108
Indiana,2013,Indiana2013,Male,Lung and Bronchus,3017,90.94,2297,70.48,0.770,3236108
Indiana,2013,Indiana2013,Male,Pancreas,518,15.46,439,13.40,0.870,3236108
Indiana,2014,Indiana2014,Female,Colon and Rectum,1545,37.80,581,13.78,0.360,3346640
Indiana,2014,Indiana2014,Female,Lung and Bronchus,2554,61.40,1764,42.36,0.690,3346640
Indiana,2014,Indiana2014,Female,Pancreas,455,10.98,411,9.74,0.890,3346640
Indiana,2014,Indiana2014,Male,Colon and Rectum,1691,49.66,597,18.35,0.370,3249379
Indiana,2014,Indiana2014,Male,Lung and Bronchus,2997,87.63,2284,68.08,0.780,3249379
Indiana,2014,Indiana2014,Male,Pancreas,519,15.32,463,13.71,0.900,3249379
Indiana,2015,Indiana2015,Female,Colon and Rectum,1537,37.57,571,12.95,0.340,3353205
Indiana,2015,Indiana2015,Female,Lung and Bronchus,2691,63.94,1775,41.94,0.660,3353205
Indiana,2015,Indiana2015,Female,Pancreas,519,12.05,416,9.48,0.790,3353205
Indiana,2015,Indiana2015,Male,Colon and Rectum,1738,50.35,613,18.08,0.360,3258237
Indiana,2015,Indiana2015,Male,Lung and Bronchus,3177,91.30,2088,61.34,0.670,3258237
Indiana,2015,Indiana2015,Male,Pancreas,546,15.67,447,12.92,0.820,3258237
Indiana,2016,Indiana2016,Female,Colon and Rectum,1650,39.52,549,12.55,0.320,3366051
Indiana,2016,Indiana2016,Female,Lung and Bronchus,2722,63.38,1671,38.79,0.610,3366051
Indiana,2016,Indiana2016,Female,Pancreas,519,12.05,442,10.05,0.830,3366051
Indiana,2016,Indiana2016,Male,Colon and Rectum,1684,47.62,583,17.14,0.360,3271847
Indiana,2016,Indiana2016,Male,Lung and Bronchus,3105,87.10,2190,62.93,0.720,3271847
Indiana,2016,Indiana2016,Male,Pancreas,575,16.28,489,14.17,0.870,3271847
Indiana,2017,Indiana2017,Female,Colon and Rectum,1503,35.71,575,13.16,0.370,3378096
Indiana,2017,Indiana2017,Female,Lung and Bronchus,2752,62.46,1729,39.10,0.630,3378096
Indiana,2017,Indiana2017,Female,Pancreas,541,12.53,464,10.55,0.840,3378096
Indiana,2017,Indiana2017,Male,Colon and Rectum,1787,50.18,647,18.84,0.380,3283972
Indiana,2017,Indiana2017,Male,Lung and Bronchus,3074,83.80,2063,58.16,0.690,3283972
Indiana,2017,Indiana2017,Male,Pancreas,614,17.01,491,13.96,0.820,3283972
Indiana,2018,Indiana2018,Female,Colon and Rectum,1507,35.36,555,12.28,0.350,3395350
Indiana,2018,Indiana2018,Female,Lung and Bronchus,2725,60.20,1696,37.38,0.620,3395350
Indiana,2018,Indiana2018,Female,Pancreas,552,12.37,446,9.76,0.790,3395350
Indiana,2018,Indiana2018,Male,Colon and Rectum,1713,47.15,582,16.34,0.350,3303131
Indiana,2018,Indiana2018,Male,Lung and Bronchus,2831,75.20,1956,52.66,0.700,3303131
Indiana,2018,Indiana2018,Male,Pancreas,566,14.89,507,13.76,0.920,3303131
Indiana,2019,Indiana2019,Female,Colon and Rectum,1525,35.45,543,12.04,0.340,3411571
Indiana,2019,Indiana2019,Female,Lung and Bronchus,2708,58.88,1666,36.04,0.610,3411571
Indiana,2019,Indiana2019,Female,Pancreas,517,11.13,477,10.21,0.920,3411571
Indiana,2019,Indiana2019,Male,Colon and Rectum,1575,43.11,656,18.13,0.420,3319439
Indiana,2019,Indiana2019,Male,Lung and Bronchus,2888,74.77,1958,51.91,0.690,3319439
Indiana,2019,Indiana2019,Male,Pancreas,594,15.59,522,13.76,0.880,3319439
Indiana,2020,Indiana2020,Female,Colon and Rectum,,,,,,
Indiana,2020,Indiana2020,Female,Lung and Bronchus,,,,,,
Indiana,2020,Indiana2020,Female,Pancreas,,,,,,
Indiana,2020,Indiana2020,Male,Colon and Rectum,,,,,,
Indiana,2020,Indiana2020,Male,Lung and Bronchus,,,,,,
Indiana,2020,Indiana2020,Male,Pancreas,,,,,,
Iowa,2010,Iowa2010,Female,Colon and Rectum,840,40.66,334,15.04,0.370,1539861
Iowa,2010,Iowa2010,Female,Lung and Bronchus,1057,53.28,732,36.23,0.680,1539861
Iowa,2010,Iowa2010,Female,Pancreas,216,10.33,201,9.49,0.920,1539861
Iowa,2010,Iowa2010,Male,Colon and Rectum,864,53.73,328,20.59,0.380,1510958
Iowa,2010,Iowa2010,Male,Lung and Bronchus,1347,83.44,1009,62.13,0.740,1510958
Iowa,2010,Iowa2010,Male,Pancreas,249,15.14,219,13.26,0.880,1510958
Iowa,2011,Iowa2011,Female,Colon and Rectum,806,38.58,326,14.52,0.380,1546565
Iowa,2011,Iowa2011,Female,Lung and Bronchus,1035,51.39,720,35.03,0.680,1546565
Iowa,2011,Iowa2011,Female,Pancreas,220,10.60,188,8.86,0.840,1546565
Iowa,2011,Iowa2011,Male,Colon and Rectum,891,54.48,336,20.92,0.380,1520207
Iowa,2011,Iowa2011,Male,Lung and Bronchus,1332,80.33,1010,61.93,0.770,1520207
Iowa,2011,Iowa2011,Male,Pancreas,227,13.77,209,12.80,0.930,1520207
Iowa,2012,Iowa2012,Female,Colon and Rectum,824,40.60,296,13.48,0.330,1550836
Iowa,2012,Iowa2012,Female,Lung and Bronchus,1059,52.32,772,37.56,0.720,1550836
Iowa,2012,Iowa2012,Female,Pancreas,240,11.17,214,9.51,0.850,1550836
Iowa,2012,Iowa2012,Male,Colon and Rectum,827,49.34,298,18.33,0.370,1526008
Iowa,2012,Iowa2012,Male,Lung and Bronchus,1313,77.74,977,58.00,0.750,1526008
Iowa,2012,Iowa2012,Male,Pancreas,246,14.44,211,12.33,0.850,1526008
Iowa,2013,Iowa2013,Female,Colon and Rectum,783,37.82,302,13.35,0.350,1558562
Iowa,2013,Iowa2013,Female,Lung and Bronchus,1093,53.29,773,36.85,0.690,1558562
Iowa,2013,Iowa2013,Female,Pancreas,256,11.60,193,8.46,0.730,1558562
Iowa,2013,Iowa2013,Male,Colon and Rectum,846,50.39,304,18.25,0.360,1535373
Iowa,2013,Iowa2013,Male,Lung and Bronchus,1337,77.60,1029,60.33,0.780,1535373
Iowa,2013,Iowa2013,Male,Pancreas,249,14.55,217,12.83,0.880,1535373
Iowa,2014,Iowa2014,Female,Colon and Rectum,875,42.47,303,13.26,0.310,1565894
Iowa,2014,Iowa2014,Female,Lung and Bronchus,1185,57.17,738,34.31,0.600,1565894
Iowa,2014,Iowa2014,Female,Pancreas,274,12.66,227,10.13,0.800,1565894
Iowa,2014,Iowa2014,Male,Colon and Rectum,893,52.14,308,18.35,0.350,1544749
Iowa,2014,Iowa2014,Male,Lung and Bronchus,1333,76.47,937,54.13,0.710,1544749
Iowa,2014,Iowa2014,Male,Pancreas,281,16.23,217,12.65,0.780,1544749
Iowa,2015,Iowa2015,Female,Colon and Rectum,799,38.11,305,13.32,0.350,1570465
Iowa,2015,Iowa2015,Female,Lung and Bronchus,1166,55.73,784,36.65,0.660,1570465
Iowa,2015,Iowa2015,Female,Pancreas,252,11.72,208,9.54,0.810,1570465
Iowa,2015,Iowa2015,Male,Colon and Rectum,901,51.61,264,15.65,0.300,1552076
Iowa,2015,Iowa2015,Male,Lung and Bronchus,1388,77.32,1006,56.61,0.730,1552076
Iowa,2015,Iowa2015,Male,Pancreas,267,15.05,228,12.94,0.860,1552076
Iowa,2016,Iowa2016,Female,Colon and Rectum,799,38.68,279,12.03,0.310,1575193
Iowa,2016,Iowa2016,Female,Lung and Bronchus,1162,54.12,753,34.62,0.640,1575193
Iowa,2016,Iowa2016,Female,Pancreas,264,11.95,221,9.86,0.830,1575193
Iowa,2016,Iowa2016,Male,Colon and Rectum,856,48.90,290,16.62,0.340,1558017
Iowa,2016,Iowa2016,Male,Lung and Bronchus,1270,69.29,915,50.60,0.730,1558017
Iowa,2016,Iowa2016,Male,Pancreas,285,15.80,251,14.09,0.890,1558017
Iowa,2017,Iowa2017,Female,Colon and Rectum,803,38.59,260,10.65,0.280,1579862
Iowa,2017,Iowa2017,Female,Lung and Bronchus,1202,55.25,716,32.27,0.580,1579862
Iowa,2017,Iowa2017,Female,Pancreas,250,10.97,233,10.12,0.920,1579862
Iowa,2017,Iowa2017,Male,Colon and Rectum,812,45.29,295,16.61,0.370,1563872
Iowa,2017,Iowa2017,Male,Lung and Bronchus,1406,75.50,904,48.91,0.650,1563872
Iowa,2017,Iowa2017,Male,Pancreas,309,16.71,229,12.55,0.750,1563872
Iowa,2018,Iowa2018,Female,Colon and Rectum,784,37.12,297,12.62,0.340,1582600
Iowa,2018,Iowa2018,Female,Lung and Bronchus,1203,54.49,737,32.90,0.600,1582600
Iowa,2018,Iowa2018,Female,Pancreas,280,12.50,239,10.25,0.820,1582600
Iowa,2018,Iowa2018,Male,Colon and Rectum,804,44.71,300,16.57,0.370,1567300
Iowa,2018,Iowa2018,Male,Lung and Bronchus,1339,70.42,835,44.88,0.640,1567300
Iowa,2018,Iowa2018,Male,Pancreas,304,16.09,217,11.44,0.710,1567300
Iowa,2019,Iowa2019,Female,Colon and Rectum,776,36.67,263,10.98,0.300,1586636
Iowa,2019,Iowa2019,Female,Lung and Bronchus,1244,55.30,693,30.00,0.540,1586636
Iowa,2019,Iowa2019,Female,Pancreas,269,11.96,226,9.55,0.800,1586636
Iowa,2019,Iowa2019,Male,Colon and Rectum,845,46.94,289,15.58,0.330,1572960
Iowa,2019,Iowa2019,Male,Lung and Bronchus,1379,70.50,839,43.52,0.620,1572960
Iowa,2019,Iowa2019,Male,Pancreas,298,15.66,251,13.28,0.850,1572960
Iowa,2020,Iowa2020,Female,Colon and Rectum,681,31.41,262,10.82,0.340,1587866
Iowa,2020,Iowa2020,Female,Lung and Bronchus,1133,49.62,685,29.28,0.590,1587866
Iowa,2020,Iowa2020,Female,Pancreas,232,10.11,210,8.66,0.860,1587866
Iowa,2020,Iowa2020,Male,Colon and Rectum,731,40.01,285,15.51,0.390,1575695
Iowa,2020,Iowa2020,Male,Lung and Bronchus,1251,63.41,814,41.79,0.660,1575695
Iowa,2020,Iowa2020,Male,Pancreas,287,14.84,229,11.76,0.790,1575695
Kansas,2010,Kansas2010,Female,Colon and Rectum,654,38.69,220,11.85,0.310,1440121
Kansas,2010,Kansas2010,Female,Lung and Bronchus,888,52.49,667,38.46,0.730,1440121
Kansas,2010,Kansas2010,Female,Pancreas,134,7.98,163,9.03,1.130,1440121
Kansas,2010,Kansas2010,Male,Colon and Rectum,700,49.39,275,20.07,0.410,1418145
Kansas,2010,Kansas2010,Male,Lung and Bronchus,977,69.89,835,60.46,0.870,1418145
Kansas,2010,Kansas2010,Male,Pancreas,172,12.21,183,13.43,1.100,1418145
Kansas,2011,Kansas2011,Female,Colon and Rectum,600,35.08,254,13.79,0.390,1445451
Kansas,2011,Kansas2011,Female,Lung and Bronchus,879,51.91,688,39.40,0.760,1445451
Kansas,2011,Kansas2011,Female,Pancreas,151,8.62,179,10.10,1.170,1445451
Kansas,2011,Kansas2011,Male,Colon and Rectum,674,47.89,258,18.30,0.380,1424226
Kansas,2011,Kansas2011,Male,Lung and Bronchus,1041,72.96,820,57.96,0.790,1424226
Kansas,2011,Kansas2011,Male,Pancreas,183,12.93,179,12.94,1.000,1424226
Kansas,2012,Kansas2012,Female,Colon and Rectum,640,36.98,238,12.87,0.350,1451795
Kansas,2012,Kansas2012,Female,Lung and Bronchus,852,48.90,700,39.43,0.810,1451795
Kansas,2012,Kansas2012,Female,Pancreas,173,9.84,192,10.64,1.080,1451795
Kansas,2012,Kansas2012,Male,Colon and Rectum,703,48.29,229,15.94,0.330,1434229
Kansas,2012,Kansas2012,Male,Lung and Bronchus,1026,70.65,802,55.69,0.790,1434229
Kansas,2012,Kansas2012,Male,Pancreas,168,11.62,182,12.78,1.100,1434229
Kansas,2013,Kansas2013,Female,Colon and Rectum,584,33.19,245,13.07,0.390,1454421
Kansas,2013,Kansas2013,Female,Lung and Bronchus,916,51.86,654,36.48,0.700,1454421
Kansas,2013,Kansas2013,Female,Pancreas,180,10.02,187,9.98,1.000,1454421
Kansas,2013,Kansas2013,Male,Colon and Rectum,681,46.16,261,18.00,0.390,1439885
Kansas,2013,Kansas2013,Male,Lung and Bronchus,1080,73.16,792,54.56,0.750,1439885
Kansas,2013,Kansas2013,Male,Pancreas,171,11.34,177,12.32,1.090,1439885
Kansas,2014,Kansas2014,Female,Colon and Rectum,635,36.50,215,11.29,0.310,1456819
Kansas,2014,Kansas2014,Female,Lung and Bronchus,906,51.24,708,38.35,0.750,1456819
Kansas,2014,Kansas2014,Female,Pancreas,187,10.34,181,9.84,0.950,1456819
Kansas,2014,Kansas2014,Male,Colon and Rectum,694,46.19,289,19.88,0.430,1445042
Kansas,2014,Kansas2014,Male,Lung and Bronchus,1035,68.41,870,58.50,0.860,1445042
Kansas,2014,Kansas2014,Male,Pancreas,208,13.91,200,13.51,0.970,1445042
Kansas,2015,Kansas2015,Female,Colon and Rectum,605,33.99,234,12.12,0.360,1460522
Kansas,2015,Kansas2015,Female,Lung and Bronchus,987,54.26,697,37.73,0.700,1460522
Kansas,2015,Kansas2015,Female,Pancreas,191,10.80,199,10.52,0.970,1460522
Kansas,2015,Kansas2015,Male,Colon and Rectum,692,45.10,260,17.43,0.390,1450195
Kansas,2015,Kansas2015,Male,Lung and Bronchus,992,65.09,815,53.45,0.820,1450195
Kansas,2015,Kansas2015,Male,Pancreas,207,13.25,206,13.38,1.010,1450195
Kansas,2016,Kansas2016,Female,Colon and Rectum,630,36.04,247,12.91,0.360,1461643
Kansas,2016,Kansas2016,Female,Lung and Bronchus,919,50.09,655,34.66,0.690,1461643
Kansas,2016,Kansas2016,Female,Pancreas,207,11.34,195,10.04,0.890,1461643
Kansas,2016,Kansas2016,Male,Colon and Rectum,671,43.51,245,16.30,0.370,1451334
Kansas,2016,Kansas2016,Male,Lung and Bronchus,955,60.21,709,45.10,0.750,1451334
Kansas,2016,Kansas2016,Male,Pancreas,184,11.52,192,12.30,1.070,1451334
Kansas,2017,Kansas2017,Female,Colon and Rectum,616,34.24,224,11.71,0.340,1460476
Kansas,2017,Kansas2017,Female,Lung and Bronchus,868,45.61,625,32.64,0.720,1460476
Kansas,2017,Kansas2017,Female,Pancreas,201,10.68,187,9.52,0.890,1460476
Kansas,2017,Kansas2017,Male,Colon and Rectum,722,46.67,284,18.26,0.390,1450416
Kansas,2017,Kansas2017,Male,Lung and Bronchus,1039,65.13,765,48.38,0.740,1450416
Kansas,2017,Kansas2017,Male,Pancreas,206,12.76,185,11.43,0.900,1450416
Kansas,2018,Kansas2018,Female,Colon and Rectum,636,35.89,253,13.02,0.360,1461321
Kansas,2018,Kansas2018,Female,Lung and Bronchus,971,50.24,649,33.21,0.660,1461321
Kansas,2018,Kansas2018,Female,Pancreas,194,9.62,185,9.34,0.970,1461321
Kansas,2018,Kansas2018,Male,Colon and Rectum,718,45.38,261,16.52,0.360,1451427
Kansas,2018,Kansas2018,Male,Lung and Bronchus,962,57.95,735,44.84,0.770,1451427
Kansas,2018,Kansas2018,Male,Pancreas,230,13.93,214,13.36,0.960,1451427
Kansas,2019,Kansas2019,Female,Colon and Rectum,644,35.34,205,10.39,0.290,1462080
Kansas,2019,Kansas2019,Female,Lung and Bronchus,968,48.66,675,33.38,0.690,1462080
Kansas,2019,Kansas2019,Female,Pancreas,194,9.99,183,8.79,0.880,1462080
Kansas,2019,Kansas2019,Male,Colon and Rectum,756,47.25,244,15.07,0.320,1450555
Kansas,2019,Kansas2019,Male,Lung and Bronchus,1023,60.71,734,44.27,0.730,1450555
Kansas,2019,Kansas2019,Male,Pancreas,261,15.91,234,14.18,0.890,1450555
Kansas,2020,Kansas2020,Female,Colon and Rectum,585,31.82,236,11.61,0.360,1462265
Kansas,2020,Kansas2020,Female,Lung and Bronchus,930,46.23,633,30.88,0.670,1462265
Kansas,2020,Kansas2020,Female,Pancreas,192,9.68,188,9.21,0.950,1462265
Kansas,2020,Kansas2020,Male,Colon and Rectum,634,39.09,295,18.07,0.460,1451540
Kansas,2020,Kansas2020,Male,Lung and Bronchus,827,48.50,686,41.19,0.850,1451540
Kansas,2020,Kansas2020,Male,Pancreas,232,13.81,228,13.58,0.980,1451540
Kentucky,2010,Kentucky2010,Female,Colon and Rectum,1167,43.95,387,14.47,0.330,2208920
Kentucky,2010,Kentucky2010,Female,Lung and Bronchus,2206,82.44,1539,57.21,0.690,2208920
Kentucky,2010,Kentucky2010,Female,Pancreas,281,10.50,259,9.64,0.920,2208920
Kentucky,2010,Kentucky2010,Male,Colon and Rectum,1302,61.37,441,21.48,0.350,2139544
Kentucky,2010,Kentucky2010,Male,Lung and Bronchus,2708,126.06,2031,96.61,0.770,2139544
Kentucky,2010,Kentucky2010,Male,Pancreas,332,15.06,302,14.00,0.930,2139544
Kentucky,2011,Kentucky2011,Female,Colon and Rectum,1111,41.25,425,15.52,0.380,2220604
Kentucky,2011,Kentucky2011,Female,Lung and Bronchus,2186,80.59,1479,54.73,0.680,2220604
Kentucky,2011,Kentucky2011,Female,Pancreas,290,10.74,249,9.19,0.860,2220604
Kentucky,2011,Kentucky2011,Male,Colon and Rectum,1339,60.56,432,20.68,0.340,2150213
Kentucky,2011,Kentucky2011,Male,Lung and Bronchus,2568,115.96,1910,88.37,0.760,2150213
Kentucky,2011,Kentucky2011,Male,Pancreas,345,15.69,304,13.85,0.880,2150213
Kentucky,2012,Kentucky2012,Female,Colon and Rectum,1177,43.41,379,13.34,0.310,2227546
Kentucky,2012,Kentucky2012,Female,Lung and Bronchus,2199,79.20,1503,54.14,0.680,2227546
Kentucky,2012,Kentucky2012,Female,Pancreas,301,10.78,275,9.77,0.910,2227546
Kentucky,2012,Kentucky2012,Male,Colon and Rectum,1333,58.27,453,20.85,0.360,2160319
Kentucky,2012,Kentucky2012,Male,Lung and Bronchus,2615,114.26,1976,88.71,0.780,2160319
Kentucky,2012,Kentucky2012,Male,Pancreas,317,13.73,268,11.88,0.870,2160319
Kentucky,2013,Kentucky2013,Female,Colon and Rectum,1165,42.32,398,14.15,0.330,2235831
Kentucky,2013,Kentucky2013,Female,Lung and Bronchus,2236,79.34,1533,54.09,0.680,2235831
Kentucky,2013,Kentucky2013,Female,Pancreas,343,12.25,272,9.63,0.790,2235831
Kentucky,2013,Kentucky2013,Male,Colon and Rectum,1347,58.49,451,20.22,0.350,2171075
Kentucky,2013,Kentucky2013,Male,Lung and Bronchus,2699,116.47,2026,90.30,0.780,2171075
Kentucky,2013,Kentucky2013,Male,Pancreas,359,15.40,307,13.26,0.860,2171075
Kentucky,2014,Kentucky2014,Female,Colon and Rectum,1162,41.64,391,13.65,0.330,2241404
Kentucky,2014,Kentucky2014,Female,Lung and Bronchus,2258,77.78,1543,53.37,0.690,2241404
Kentucky,2014,Kentucky2014,Female,Pancreas,345,12.22,276,9.54,0.780,2241404
Kentucky,2014,Kentucky2014,Male,Colon and Rectum,1410,60.02,481,21.26,0.350,2175588
Kentucky,2014,Kentucky2014,Male,Lung and Bronchus,2719,114.28,1987,85.02,0.740,2175588
Kentucky,2014,Kentucky2014,Male,Pancreas,376,16.17,312,13.48,0.830,2175588
Kentucky,2015,Kentucky2015,Female,Colon and Rectum,1233,44.12,396,13.65,0.310,2246861
Kentucky,2015,Kentucky2015,Female,Lung and Bronchus,2320,79.03,1499,51.00,0.650,2246861
Kentucky,2015,Kentucky2015,Female,Pancreas,354,12.02,306,10.42,0.870,2246861
Kentucky,2015,Kentucky2015,Male,Colon and Rectum,1342,56.20,463,20.39,0.360,2182265
Kentucky,2015,Kentucky2015,Male,Lung and Bronchus,2640,108.76,1962,81.70,0.750,2182265
Kentucky,2015,Kentucky2015,Male,Pancreas,384,16.05,303,12.90,0.800,2182265
Kentucky,2016,Kentucky2016,Female,Colon and Rectum,1174,40.79,429,14.62,0.360,2253107
Kentucky,2016,Kentucky2016,Female,Lung and Bronchus,2225,74.88,1459,48.64,0.650,2253107
Kentucky,2016,Kentucky2016,Female,Pancreas,359,12.11,308,10.39,0.860,2253107
Kentucky,2016,Kentucky2016,Male,Colon and Rectum,1362,56.57,434,18.55,0.330,2187199
Kentucky,2016,Kentucky2016,Male,Lung and Bronchus,2617,105.89,1869,77.57,0.730,2187199
Kentucky,2016,Kentucky2016,Male,Pancreas,349,14.01,300,12.28,0.880,2187199
Kentucky,2017,Kentucky2017,Female,Colon and Rectum,1136,39.18,407,13.53,0.350,2260311
Kentucky,2017,Kentucky2017,Female,Lung and Bronchus,2408,78.58,1416,46.26,0.590,2260311
Kentucky,2017,Kentucky2017,Female,Pancreas,345,11.41,272,8.84,0.770,2260311
Kentucky,2017,Kentucky2017,Male,Colon and Rectum,1316,52.70,479,20.40,0.390,2195279
Kentucky,2017,Kentucky2017,Male,Lung and Bronchus,2618,102.48,1736,70.27,0.690,2195279
Kentucky,2017,Kentucky2017,Male,Pancreas,391,15.37,321,12.85,0.840,2195279
Kentucky,2018,Kentucky2018,Female,Colon and Rectum,1222,41.94,428,13.93,0.330,2265345
Kentucky,2018,Kentucky2018,Female,Lung and Bronchus,2375,75.76,1449,46.23,0.610,2265345
Kentucky,2018,Kentucky2018,Female,Pancreas,398,12.96,365,11.54,0.890,2265345
Kentucky,2018,Kentucky2018,Male,Colon and Rectum,1397,55.90,470,19.19,0.340,2198928
Kentucky,2018,Kentucky2018,Male,Lung and Bronchus,2507,95.41,1616,63.16,0.660,2198928
Kentucky,2018,Kentucky2018,Male,Pancreas,448,17.38,388,15.19,0.870,2198928
Kentucky,2019,Kentucky2019,Female,Colon and Rectum,1187,40.66,411,13.12,0.320,2269036
Kentucky,2019,Kentucky2019,Female,Lung and Bronchus,2474,77.49,1373,43.15,0.560,2269036
Kentucky,2019,Kentucky2019,Female,Pancreas,377,12.00,329,10.28,0.860,2269036
Kentucky,2019,Kentucky2019,Male,Colon and Rectum,1382,53.78,477,18.94,0.350,2203309
Kentucky,2019,Kentucky2019,Male,Lung and Bronchus,2577,95.85,1695,64.97,0.680,2203309
Kentucky,2019,Kentucky2019,Male,Pancreas,397,15.14,319,12.04,0.800,2203309
Kentucky,2020,Kentucky2020,Female,Colon and Rectum,1041,34.95,398,12.60,0.360,2271906
Kentucky,2020,Kentucky2020,Female,Lung and Bronchus,2148,65.97,1383,42.42,0.640,2271906
Kentucky,2020,Kentucky2020,Female,Pancreas,357,11.17,325,10.01,0.900,2271906
Kentucky,2020,Kentucky2020,Male,Colon and Rectum,1238,48.43,488,19.19,0.400,2205345
Kentucky,2020,Kentucky2020,Male,Lung and Bronchus,2426,88.69,1606,60.01,0.680,2205345
Kentucky,2020,Kentucky2020,Male,Pancreas,376,13.94,333,12.62,0.910,2205345
Louisiana,2010,Louisiana2010,Female,Colon and Rectum,1165,45.13,398,14.99,0.330,2319925
Louisiana,2010,Louisiana2010,Female,Lung and Bronchus,1446,55.33,1128,42.97,0.780,2319925
Louisiana,2010,Louisiana2010,Female,Pancreas,324,12.37,296,11.14,0.900,2319925
Louisiana,2010,Louisiana2010,Male,Colon and Rectum,1287,59.07,450,21.69,0.370,2224710
Louisiana,2010,Louisiana2010,Male,Lung and Bronchus,2058,98.37,1596,77.25,0.790,2224710
Louisiana,2010,Louisiana2010,Male,Pancreas,307,14.57,316,15.53,1.070,2224710
Louisiana,2011,Louisiana2011,Female,Colon and Rectum,1127,42.45,389,14.50,0.340,2336558
Louisiana,2011,Louisiana2011,Female,Lung and Bronchus,1466,54.60,1123,42.13,0.770,2336558
Louisiana,2011,Louisiana2011,Female,Pancreas,355,13.16,323,11.95,0.910,2336558
Louisiana,2011,Louisiana2011,Male,Colon and Rectum,1217,56.23,466,22.15,0.390,2239686
Louisiana,2011,Louisiana2011,Male,Lung and Bronchus,1976,92.39,1584,75.53,0.820,2239686
Louisiana,2011,Louisiana2011,Male,Pancreas,350,16.07,303,14.38,0.890,2239686
Louisiana,2012,Louisiana2012,Female,Colon and Rectum,1114,41.47,394,14.22,0.340,2350259
Louisiana,2012,Louisiana2012,Female,Lung and Bronchus,1538,55.92,1161,42.21,0.750,2350259
Louisiana,2012,Louisiana2012,Female,Pancreas,333,12.17,291,10.68,0.880,2350259
Louisiana,2012,Louisiana2012,Male,Colon and Rectum,1318,58.91,455,21.58,0.370,2251808
Louisiana,2012,Louisiana2012,Male,Lung and Bronchus,2040,90.52,1579,72.78,0.800,2251808
Louisiana,2012,Louisiana2012,Male,Pancreas,337,14.92,354,15.93,1.070,2251808
Louisiana,2013,Louisiana2013,Female,Colon and Rectum,1056,38.63,431,15.62,0.400,2362258
Louisiana,2013,Louisiana2013,Female,Lung and Bronchus,1553,55.39,1132,40.62,0.730,2362258
Louisiana,2013,Louisiana2013,Female,Pancreas,352,12.42,294,10.50,0.840,2362258
Louisiana,2013,Louisiana2013,Male,Colon and Rectum,1242,53.90,478,22.09,0.410,2263782
Louisiana,2013,Louisiana2013,Male,Lung and Bronchus,1972,86.26,1584,71.04,0.820,2263782
Louisiana,2013,Louisiana2013,Male,Pancreas,368,16.43,321,14.59,0.890,2263782
Louisiana,2014,Louisiana2014,Female,Colon and Rectum,1109,39.99,428,15.20,0.380,2372375
Louisiana,2014,Louisiana2014,Female,Lung and Bronchus,1547,54.21,1130,39.58,0.730,2372375
Louisiana,2014,Louisiana2014,Female,Pancreas,355,12.57,346,11.98,0.950,2372375
Louisiana,2014,Louisiana2014,Male,Colon and Rectum,1270,53.56,481,21.30,0.400,2273563
Louisiana,2014,Louisiana2014,Male,Lung and Bronchus,2055,88.54,1556,68.27,0.770,2273563
Louisiana,2014,Louisiana2014,Male,Pancreas,386,16.90,342,15.28,0.900,2273563
Louisiana,2015,Louisiana2015,Female,Colon and Rectum,1055,37.68,387,13.39,0.360,2383171
Louisiana,2015,Louisiana2015,Female,Lung and Bronchus,1553,53.28,1127,38.49,0.720,2383171
Louisiana,2015,Louisiana2015,Female,Pancreas,389,13.48,327,11.31,0.840,2383171
Louisiana,2015,Louisiana2015,Male,Colon and Rectum,1276,53.73,462,19.45,0.360,2283827
Louisiana,2015,Louisiana2015,Male,Lung and Bronchus,1971,82.30,1527,65.59,0.800,2283827
Louisiana,2015,Louisiana2015,Male,Pancreas,421,18.05,362,15.82,0.880,2283827
Louisiana,2016,Louisiana2016,Female,Colon and Rectum,1135,39.24,365,12.20,0.310,2392011
Louisiana,2016,Louisiana2016,Female,Lung and Bronchus,1607,53.90,1045,35.14,0.650,2392011
Louisiana,2016,Louisiana2016,Female,Pancreas,361,12.32,330,11.18,0.910,2392011
Louisiana,2016,Louisiana2016,Male,Colon and Rectum,1313,53.35,489,20.56,0.390,2289335
Louisiana,2016,Louisiana2016,Male,Lung and Bronchus,1937,78.54,1449,60.27,0.770,2289335
Louisiana,2016,Louisiana2016,Male,Pancreas,375,15.44,332,13.69,0.890,2289335
Louisiana,2017,Louisiana2017,Female,Colon and Rectum,1104,38.29,426,14.42,0.380,2390634
Louisiana,2017,Louisiana2017,Female,Lung and Bronchus,1609,52.70,1130,37.06,0.700,2390634
Louisiana,2017,Louisiana2017,Female,Pancreas,356,11.66,312,10.29,0.880,2390634
Louisiana,2017,Louisiana2017,Male,Colon and Rectum,1303,52.30,477,19.58,0.370,2283039
Louisiana,2017,Louisiana2017,Male,Lung and Bronchus,2004,79.17,1429,58.12,0.730,2283039
Louisiana,2017,Louisiana2017,Male,Pancreas,380,15.21,360,14.69,0.970,2283039
Louisiana,2018,Louisiana2018,Female,Colon and Rectum,1167,39.89,393,12.90,0.320,2387863
Louisiana,2018,Louisiana2018,Female,Lung and Bronchus,1551,49.23,1035,32.92,0.670,2387863
Louisiana,2018,Louisiana2018,Female,Pancreas,405,13.28,327,10.50,0.790,2387863
Louisiana,2018,Louisiana2018,Male,Colon and Rectum,1268,50.99,454,18.43,0.360,2276587
Louisiana,2018,Louisiana2018,Male,Lung and Bronchus,1995,77.95,1419,56.31,0.720,2276587
Louisiana,2018,Louisiana2018,Male,Pancreas,412,16.19,326,12.78,0.790,2276587
Louisiana,2019,Louisiana2019,Female,Colon and Rectum,1177,39.93,388,12.45,0.310,2385969
Louisiana,2019,Louisiana2019,Female,Lung and Bronchus,1691,52.91,1055,32.86,0.620,2385969
Louisiana,2019,Louisiana2019,Female,Pancreas,427,13.74,388,12.24,0.890,2385969
Louisiana,2019,Louisiana2019,Male,Colon and Rectum,1410,55.46,487,19.66,0.350,2272316
Louisiana,2019,Louisiana2019,Male,Lung and Bronchus,2046,77.35,1408,55.12,0.710,2272316
Louisiana,2019,Louisiana2019,Male,Pancreas,449,17.34,369,14.64,0.840,2272316
Louisiana,2020,Louisiana2020,Female,Colon and Rectum,997,33.68,372,12.02,0.360,2381158
Louisiana,2020,Louisiana2020,Female,Lung and Bronchus,1460,44.68,970,29.97,0.670,2381158
Louisiana,2020,Louisiana2020,Female,Pancreas,401,12.84,315,9.79,0.760,2381158
Louisiana,2020,Louisiana2020,Male,Colon and Rectum,1206,46.59,449,17.87,0.380,2264160
Louisiana,2020,Louisiana2020,Male,Lung and Bronchus,1746,64.43,1376,52.44,0.810,2264160
Louisiana,2020,Louisiana2020,Male,Pancreas,404,15.21,350,13.51,0.890,2264160
Maine,2010,Maine2010,Female,Colon and Rectum,319,34.79,132,13.05,0.380,677943
Maine,2010,Maine2010,Female,Lung and Bronchus,631,67.51,444,47.01,0.700,677943
Maine,2010,Maine2010,Female,Pancreas,119,12.68,100,10.37,0.820,677943
Maine,2010,Maine2010,Male,Colon and Rectum,357,46.23,158,20.92,0.450,649708
Maine,2010,Maine2010,Male,Lung and Bronchus,665,84.95,513,66.12,0.780,649708
Maine,2010,Maine2010,Male,Pancreas,116,14.80,98,12.80,0.870,649708
Maine,2011,Maine2011,Female,Colon and Rectum,332,35.30,132,13.16,0.370,678007
Maine,2011,Maine2011,Female,Lung and Bronchus,589,61.46,405,41.70,0.680,678007
Maine,2011,Maine2011,Female,Pancreas,117,11.83,113,11.12,0.940,678007
Maine,2011,Maine2011,Male,Colon and Rectum,326,43.23,127,17.13,0.400,650466
Maine,2011,Maine2011,Male,Lung and Bronchus,643,81.10,515,64.92,0.800,650466
Maine,2011,Maine2011,Male,Pancreas,122,15.27,97,12.28,0.800,650466
Maine,2012,Maine2012,Female,Colon and Rectum,319,33.78,123,12.12,0.360,677831
Maine,2012,Maine2012,Female,Lung and Bronchus,679,69.46,439,44.08,0.630,677831
Maine,2012,Maine2012,Female,Pancreas,147,14.37,126,12.19,0.850,677831
Maine,2012,Maine2012,Male,Colon and Rectum,349,43.99,127,16.28,0.370,650263
Maine,2012,Maine2012,Male,Lung and Bronchus,699,84.66,519,64.27,0.760,650263
Maine,2012,Maine2012,Male,Pancreas,110,13.31,98,12.17,0.910,650263
Maine,2013,Maine2013,Female,Colon and Rectum,333,33.80,117,11.04,0.330,677601
Maine,2013,Maine2013,Female,Lung and Bronchus,647,64.39,462,45.71,0.710,677601
Maine,2013,Maine2013,Female,Pancreas,122,11.56,110,10.62,0.920,677601
Maine,2013,Maine2013,Male,Colon and Rectum,361,42.39,113,14.28,0.340,650942
Maine,2013,Maine2013,Male,Lung and Bronchus,762,90.59,563,67.70,0.750,650942
Maine,2013,Maine2013,Male,Pancreas,124,14.38,94,10.99,0.760,650942
Maine,2014,Maine2014,Female,Colon and Rectum,346,34.83,105,9.84,0.280,679271
Maine,2014,Maine2014,Female,Lung and Bronchus,664,66.22,402,37.97,0.570,679271
Maine,2014,Maine2014,Female,Pancreas,127,12.38,95,8.67,0.700,679271
Maine,2014,Maine2014,Male,Colon and Rectum,331,39.48,115,14.25,0.360,651946
Maine,2014,Maine2014,Male,Lung and Bronchus,713,81.83,515,59.96,0.730,651946
Maine,2014,Maine2014,Male,Pancreas,122,14.21,91,10.63,0.750,651946
Maine,2015,Maine2015,Female,Colon and Rectum,329,33.13,132,12.41,0.370,678342
Maine,2015,Maine2015,Female,Lung and Bronchus,683,65.78,453,42.44,0.650,678342
Maine,2015,Maine2015,Female,Pancreas,113,10.65,122,11.69,1.100,678342
Maine,2015,Maine2015,Male,Colon and Rectum,345,39.81,131,15.56,0.390,650756
Maine,2015,Maine2015,Male,Lung and Bronchus,691,78.59,525,60.64,0.770,650756
Maine,2015,Maine2015,Male,Pancreas,132,14.81,115,13.47,0.910,650756
Maine,2016,Maine2016,Female,Colon and Rectum,337,33.62,138,12.68,0.380,680027
Maine,2016,Maine2016,Female,Lung and Bronchus,703,67.78,406,39.14,0.580,680027
Maine,2016,Maine2016,Female,Pancreas,145,13.61,115,10.21,0.750,680027
Maine,2016,Maine2016,Male,Colon and Rectum,370,43.95,122,14.81,0.340,652321
Maine,2016,Maine2016,Male,Lung and Bronchus,773,83.45,508,55.82,0.670,652321
Maine,2016,Maine2016,Male,Pancreas,128,14.70,102,11.89,0.810,652321
Maine,2017,Maine2017,Female,Colon and Rectum,324,32.75,116,10.60,0.320,681559
Maine,2017,Maine2017,Female,Lung and Bronchus,726,67.48,430,38.77,0.570,681559
Maine,2017,Maine2017,Female,Pancreas,111,9.87,122,10.71,1.080,681559
Maine,2017,Maine2017,Male,Colon and Rectum,333,37.97,126,14.46,0.380,654184
Maine,2017,Maine2017,Male,Lung and Bronchus,684,72.18,489,52.32,0.720,654184
Maine,2017,Maine2017,Male,Pancreas,131,14.15,118,12.79,0.900,654184
Maine,2018,Maine2018,Female,Colon and Rectum,317,31.73,129,11.52,0.360,683920
Maine,2018,Maine2018,Female,Lung and Bronchus,738,67.50,472,41.72,0.620,683920
Maine,2018,Maine2018,Female,Pancreas,129,11.72,112,10.12,0.860,683920
Maine,2018,Maine2018,Male,Colon and Rectum,337,38.89,123,13.96,0.360,656203
Maine,2018,Maine2018,Male,Lung and Bronchus,723,74.50,456,48.28,0.650,656203
Maine,2018,Maine2018,Male,Pancreas,138,14.75,122,13.41,0.910,656203
Maine,2019,Maine2019,Female,Colon and Rectum,355,33.95,111,9.97,0.290,686674
Maine,2019,Maine2019,Female,Lung and Bronchus,746,65.23,422,37.12,0.570,686674
Maine,2019,Maine2019,Female,Pancreas,141,12.50,110,9.63,0.770,686674
Maine,2019,Maine2019,Male,Colon and Rectum,350,39.28,139,15.56,0.400,659096
Maine,2019,Maine2019,Male,Lung and Bronchus,738,73.39,476,48.40,0.660,659096
Maine,2019,Maine2019,Male,Pancreas,161,16.85,124,12.98,0.770,659096
Maine,2020,Maine2020,Female,Colon and Rectum,292,28.33,145,12.58,0.440,688840
Maine,2020,Maine2020,Female,Lung and Bronchus,702,59.15,435,37.15,0.630,688840
Maine,2020,Maine2020,Female,Pancreas,145,12.59,113,9.49,0.750,688840
Maine,2020,Maine2020,Male,Colon and Rectum,337,37.76,135,14.42,0.380,661301
Maine,2020,Maine2020,Male,Lung and Bronchus,702,68.94,460,46.02,0.670,661301
Maine,2020,Maine2020,Male,Pancreas,177,17.52,134,13.66,0.780,661301
Maryland,2010,Maryland2010,Female,Colon and Rectum,1154,33.73,440,12.52,0.370,2988816
Maryland,2010,Maryland2010,Female,Lung and Bronchus,1799,53.00,1291,38.14,0.720,2988816
Maryland,2010,Maryland2010,Female,Pancreas,416,11.96,358,10.32,0.860,2988816
Maryland,2010,Maryland2010,Male,Colon and Rectum,1200,44.63,460,17.85,0.400,2799968
Maryland,2010,Maryland2010,Male,Lung and Bronchus,1873,71.63,1454,56.21,0.780,2799968
Maryland,2010,Maryland2010,Male,Pancreas,385,14.74,361,13.91,0.940,2799968
Maryland,2011,Maryland2011,Female,Colon and Rectum,1200,34.18,434,12.17,0.360,3013514
Maryland,2011,Maryland2011,Female,Lung and Bronchus,1878,54.33,1294,37.45,0.690,3013514
Maryland,2011,Maryland2011,Female,Pancreas,387,11.28,342,9.85,0.870,3013514
Maryland,2011,Maryland2011,Male,Colon and Rectum,1243,44.77,455,17.37,0.390,2826727
Maryland,2011,Maryland2011,Male,Lung and Bronchus,1845,68.14,1396,52.71,0.770,2826727
Maryland,2011,Maryland2011,Male,Pancreas,450,16.29,373,13.99,0.860,2826727
Maryland,2012,Maryland2012,Female,Colon and Rectum,1161,32.64,436,12.03,0.370,3036122
Maryland,2012,Maryland2012,Female,Lung and Bronchus,1846,52.02,1289,36.30,0.700,3036122
Maryland,2012,Maryland2012,Female,Pancreas,423,11.96,370,10.26,0.860,3036122
Maryland,2012,Maryland2012,Male,Colon and Rectum,1206,42.68,507,18.44,0.430,2852253
Maryland,2012,Maryland2012,Male,Lung and Bronchus,1871,67.27,1455,53.79,0.800,2852253
Maryland,2012,Maryland2012,Male,Pancreas,409,14.39,374,13.49,0.940,2852253
Maryland,2013,Maryland2013,Female,Colon and Rectum,1223,33.96,452,12.01,0.350,3054346
Maryland,2013,Maryland2013,Female,Lung and Bronchus,1907,52.28,1273,34.91,0.670,3054346
Maryland,2013,Maryland2013,Female,Pancreas,407,11.07,369,10.07,0.910,3054346
Maryland,2013,Maryland2013,Male,Colon and Rectum,1155,39.91,467,16.74,0.420,2870851
Maryland,2013,Maryland2013,Male,Lung and Bronchus,1909,66.94,1399,49.85,0.740,2870851
Maryland,2013,Maryland2013,Male,Pancreas,434,15.12,394,14.13,0.930,2870851
Maryland,2014,Maryland2014,Female,Colon and Rectum,1231,33.38,457,11.86,0.360,3072502
Maryland,2014,Maryland2014,Female,Lung and Bronchus,1942,51.84,1351,36.40,0.700,3072502
Maryland,2014,Maryland2014,Female,Pancreas,442,11.99,343,9.25,0.770,3072502
Maryland,2014,Maryland2014,Male,Colon and Rectum,1265,42.63,498,17.53,0.410,2887562
Maryland,2014,Maryland2014,Male,Lung and Bronchus,1893,64.06,1399,48.84,0.760,2887562
Maryland,2014,Maryland2014,Male,Pancreas,456,15.37,416,14.12,0.920,2887562
Maryland,2015,Maryland2015,Female,Colon and Rectum,1236,32.92,455,11.72,0.360,3086658
Maryland,2015,Maryland2015,Female,Lung and Bronchus,1981,51.67,1244,32.23,0.620,3086658
Maryland,2015,Maryland2015,Female,Pancreas,451,11.83,410,10.65,0.900,3086658
Maryland,2015,Maryland2015,Male,Colon and Rectum,1240,40.97,460,15.75,0.380,2901870
Maryland,2015,Maryland2015,Male,Lung and Bronchus,1925,63.94,1335,45.29,0.710,2901870
Maryland,2015,Maryland2015,Male,Pancreas,479,15.59,397,13.11,0.840,2901870
Maryland,2016,Maryland2016,Female,Colon and Rectum,1265,33.52,461,11.79,0.350,3095485
Maryland,2016,Maryland2016,Female,Lung and Bronchus,2018,51.47,1264,31.89,0.620,3095485
Maryland,2016,Maryland2016,Female,Pancreas,479,12.45,385,9.73,0.780,3095485
Maryland,2016,Maryland2016,Male,Colon and Rectum,1220,38.80,488,16.19,0.420,2911529
Maryland,2016,Maryland2016,Male,Lung and Bronchus,1918,61.78,1375,45.52,0.740,2911529
Maryland,2016,Maryland2016,Male,Pancreas,502,16.01,398,13.12,0.820,2911529
Maryland,2017,Maryland2017,Female,Colon and Rectum,1243,31.91,459,11.25,0.350,3106751
Maryland,2017,Maryland2017,Female,Lung and Bronchus,2132,53.08,1273,31.54,0.590,3106751
Maryland,2017,Maryland2017,Female,Pancreas,493,12.14,370,9.18,0.760,3106751
Maryland,2017,Maryland2017,Male,Colon and Rectum,1324,41.72,488,16.20,0.390,2921435
Maryland,2017,Maryland2017,Male,Lung and Bronchus,1915,60.35,1302,42.33,0.700,2921435
Maryland,2017,Maryland2017,Male,Pancreas,511,16.18,432,13.87,0.860,2921435
Maryland,2018,Maryland2018,Female,Colon and Rectum,1269,32.70,454,11.25,0.340,3115060
Maryland,2018,Maryland2018,Female,Lung and Bronchus,2000,47.72,1201,28.82,0.600,3115060
Maryland,2018,Maryland2018,Female,Pancreas,505,12.27,429,10.29,0.840,3115060
Maryland,2018,Maryland2018,Male,Colon and Rectum,1329,41.24,528,16.58,0.400,2927093
Maryland,2018,Maryland2018,Male,Lung and Bronchus,1879,56.85,1267,39.38,0.690,2927093
Maryland,2018,Maryland2018,Male,Pancreas,531,16.02,415,12.76,0.800,2927093
Maryland,2019,Maryland2019,Female,Colon and Rectum,1348,33.76,494,11.83,0.350,3122480
Maryland,2019,Maryland2019,Female,Lung and Bronchus,2099,49.30,1225,28.68,0.580,3122480
Maryland,2019,Maryland2019,Female,Pancreas,530,12.74,427,10.03,0.790,3122480
Maryland,2019,Maryland2019,Male,Colon and Rectum,1300,39.23,473,14.61,0.370,2932474
Maryland,2019,Maryland2019,Male,Lung and Bronchus,1909,56.76,1159,35.49,0.630,2932474
Maryland,2019,Maryland2019,Male,Pancreas,523,15.36,428,12.84,0.840,2932474
Maryland,2020,Maryland2020,Female,Colon and Rectum,1155,28.97,450,10.60,0.370,3123228
Maryland,2020,Maryland2020,Female,Lung and Bronchus,1797,41.38,1114,25.63,0.620,3123228
Maryland,2020,Maryland2020,Female,Pancreas,487,11.26,423,9.75,0.870,3123228
Maryland,2020,Maryland2020,Male,Colon and Rectum,1136,34.63,496,14.85,0.430,2932574
Maryland,2020,Maryland2020,Male,Lung and Bronchus,1642,47.43,1120,33.77,0.710,2932574
Maryland,2020,Maryland2020,Male,Pancreas,485,14.17,454,13.20,0.930,2932574
Massachusetts,2010,Massachusetts2010,Female,Colon and Rectum,1545,35.93,600,12.81,0.360,3390251
Massachusetts,2010,Massachusetts2010,Female,Lung and Bronchus,2604,62.62,1749,40.61,0.650,3390251
Massachusetts,2010,Massachusetts2010,Female,Pancreas,464,10.67,450,10.07,0.940,3390251
Massachusetts,2010,Massachusetts2010,Male,Colon and Rectum,1461,44.67,544,17.33,0.390,3176189
Massachusetts,2010,Massachusetts2010,Male,Lung and Bronchus,2357,73.06,1803,56.41,0.770,3176189
Massachusetts,2010,Massachusetts2010,Male,Pancreas,429,12.96,398,12.19,0.940,3176189
Massachusetts,2011,Massachusetts2011,Female,Colon and Rectum,1474,34.28,501,10.63,0.310,3412828
Massachusetts,2011,Massachusetts2011,Female,Lung and Bronchus,2566,60.76,1678,38.79,0.640,3412828
Massachusetts,2011,Massachusetts2011,Female,Pancreas,484,10.98,466,10.22,0.930,3412828
Massachusetts,2011,Massachusetts2011,Male,Colon and Rectum,1466,43.62,526,16.26,0.370,3201390
Massachusetts,2011,Massachusetts2011,Male,Lung and Bronchus,2466,74.80,1736,53.38,0.710,3201390
Massachusetts,2011,Massachusetts2011,Male,Pancreas,472,14.29,431,13.28,0.930,3201390
Massachusetts,2012,Massachusetts2012,Female,Colon and Rectum,1458,33.28,522,11.10,0.330,3435460
Massachusetts,2012,Massachusetts2012,Female,Lung and Bronchus,2631,61.18,1712,38.50,0.630,3435460
Massachusetts,2012,Massachusetts2012,Female,Pancreas,501,10.96,460,9.92,0.910,3435460
Massachusetts,2012,Massachusetts2012,Male,Colon and Rectum,1436,42.33,528,15.81,0.370,3228809
Massachusetts,2012,Massachusetts2012,Male,Lung and Bronchus,2408,71.47,1746,52.86,0.740,3228809
Massachusetts,2012,Massachusetts2012,Male,Pancreas,505,14.34,421,12.30,0.860,3228809
Massachusetts,2013,Massachusetts2013,Female,Colon and Rectum,1458,33.25,540,11.47,0.350,3460982
Massachusetts,2013,Massachusetts2013,Female,Lung and Bronchus,2693,60.99,1656,36.35,0.600,3460982
Massachusetts,2013,Massachusetts2013,Female,Pancreas,534,11.62,443,9.36,0.810,3460982
Massachusetts,2013,Massachusetts2013,Male,Colon and Rectum,1435,40.90,499,14.71,0.360,3254176
Massachusetts,2013,Massachusetts2013,Male,Lung and Bronchus,2336,67.24,1676,49.19,0.730,3254176
Massachusetts,2013,Massachusetts2013,Male,Pancreas,517,14.80,458,13.15,0.890,3254176
Massachusetts,2014,Massachusetts2014,Female,Colon and Rectum,1435,32.17,506,10.40,0.320,3484994
Massachusetts,2014,Massachusetts2014,Female,Lung and Bronchus,2646,58.72,1628,35.58,0.610,3484994
Massachusetts,2014,Massachusetts2014,Female,Pancreas,566,12.18,478,9.87,0.810,3484994
Massachusetts,2014,Massachusetts2014,Male,Colon and Rectum,1576,44.27,526,15.31,0.350,3279870
Massachusetts,2014,Massachusetts2014,Male,Lung and Bronchus,2450,69.16,1674,47.59,0.690,3279870
Massachusetts,2014,Massachusetts2014,Male,Pancreas,498,14.00,433,12.25,0.870,3279870
Massachusetts,2015,Massachusetts2015,Female,Colon and Rectum,1485,33.04,520,10.66,0.320,3501089
Massachusetts,2015,Massachusetts2015,Female,Lung and Bronchus,2787,60.44,1658,35.12,0.580,3501089
Massachusetts,2015,Massachusetts2015,Female,Pancreas,567,12.18,499,10.38,0.850,3501089
Massachusetts,2015,Massachusetts2015,Male,Colon and Rectum,1421,39.51,472,13.30,0.340,3296395
Massachusetts,2015,Massachusetts2015,Male,Lung and Bronchus,2434,66.95,1580,44.59,0.670,3296395
Massachusetts,2015,Massachusetts2015,Male,Pancreas,577,15.60,444,12.37,0.790,3296395
Massachusetts,2016,Massachusetts2016,Female,Colon and Rectum,1442,31.94,507,10.58,0.330,3515076
Massachusetts,2016,Massachusetts2016,Female,Lung and Bronchus,2886,61.24,1572,32.65,0.530,3515076
Massachusetts,2016,Massachusetts2016,Female,Pancreas,541,11.43,479,9.92,0.870,3515076
Massachusetts,2016,Massachusetts2016,Male,Colon and Rectum,1445,39.47,452,12.67,0.320,3312204
Massachusetts,2016,Massachusetts2016,Male,Lung and Bronchus,2444,65.06,1597,43.85,0.670,3312204
Massachusetts,2016,Massachusetts2016,Male,Pancreas,600,16.01,510,13.73,0.860,3312204
Massachusetts,2017,Massachusetts2017,Female,Colon and Rectum,1338,28.66,469,9.37,0.330,3532606
Massachusetts,2017,Massachusetts2017,Female,Lung and Bronchus,2874,59.41,1580,32.25,0.540,3532606
Massachusetts,2017,Massachusetts2017,Female,Pancreas,612,12.76,496,10.10,0.790,3532606
Massachusetts,2017,Massachusetts2017,Male,Colon and Rectum,1461,38.59,506,13.81,0.360,3330954
Massachusetts,2017,Massachusetts2017,Male,Lung and Bronchus,2512,65.05,1494,39.74,0.610,3330954
Massachusetts,2017,Massachusetts2017,Male,Pancreas,612,15.80,507,13.26,0.840,3330954
Massachusetts,2018,Massachusetts2018,Female,Colon and Rectum,1322,28.23,457,8.81,0.310,3544419
Massachusetts,2018,Massachusetts2018,Female,Lung and Bronchus,2727,54.82,1521,30.61,0.560,3544419
Massachusetts,2018,Massachusetts2018,Female,Pancreas,588,12.13,486,9.64,0.790,3544419
Massachusetts,2018,Massachusetts2018,Male,Colon and Rectum,1431,37.92,527,14.16,0.370,3341301
Massachusetts,2018,Massachusetts2018,Male,Lung and Bronchus,2395,60.88,1461,38.43,0.630,3341301
Massachusetts,2018,Massachusetts2018,Male,Pancreas,628,15.82,516,13.51,0.850,3341301
Massachusetts,2019,Massachusetts2019,Female,Colon and Rectum,1307,28.16,454,8.87,0.320,3548380
Massachusetts,2019,Massachusetts2019,Female,Lung and Bronchus,3068,60.75,1495,28.97,0.480,3548380
Massachusetts,2019,Massachusetts2019,Female,Pancreas,638,12.58,539,10.37,0.820,3548380
Massachusetts,2019,Massachusetts2019,Male,Colon and Rectum,1454,37.13,505,13.22,0.360,3346503
Massachusetts,2019,Massachusetts2019,Male,Lung and Bronchus,2591,64.21,1457,37.30,0.580,3346503
Massachusetts,2019,Massachusetts2019,Male,Pancreas,714,17.96,518,13.20,0.740,3346503
Massachusetts,2020,Massachusetts2020,Female,Colon and Rectum,1211,25.67,456,8.84,0.340,3546542
Massachusetts,2020,Massachusetts2020,Female,Lung and Bronchus,2638,51.48,1408,26.98,0.520,3546542
Massachusetts,2020,Massachusetts2020,Female,Pancreas,570,11.08,483,9.35,0.840,3546542
Massachusetts,2020,Massachusetts2020,Male,Colon and Rectum,1225,31.59,469,11.98,0.380,3347032
Massachusetts,2020,Massachusetts2020,Male,Lung and Bronchus,2247,54.37,1346,33.29,0.610,3347032
Massachusetts,2020,Massachusetts2020,Male,Pancreas,661,16.39,551,13.69,0.840,3347032
Michigan,2010,Michigan2010,Female,Colon and Rectum,2208,35.44,878,13.65,0.390,5032392
Michigan,2010,Michigan2010,Female,Lung and Bronchus,3849,61.89,2687,42.90,0.690,5032392
Michigan,2010,Michigan2010,Female,Pancreas,741,11.74,624,9.72,0.830,5032392
Michigan,2010,Michigan2010,Male,Colon and Rectum,2429,48.33,889,18.41,0.380,4845205
Michigan,2010,Michigan2010,Male,Lung and Bronchus,4248,84.20,3226,64.68,0.770,4845205
Michigan,2010,Michigan2010,Male,Pancreas,753,14.75,685,13.69,0.930,4845205
Michigan,2011,Michigan2011,Female,Colon and Rectum,2215,35.17,848,12.94,0.370,5034506
Michigan,2011,Michigan2011,Female,Lung and Bronchus,3882,61.39,2704,42.51,0.690,5034506
Michigan,2011,Michigan2011,Female,Pancreas,697,10.77,646,9.81,0.910,5034506
Michigan,2011,Michigan2011,Male,Colon and Rectum,2278,44.56,936,18.77,0.420,4848547
Michigan,2011,Michigan2011,Male,Lung and Bronchus,4079,79.17,3164,62.35,0.790,4848547
Michigan,2011,Michigan2011,Male,Pancreas,719,13.91,651,12.50,0.900,4848547
Michigan,2012,Michigan2012,Female,Colon and Rectum,2177,33.78,813,12.03,0.360,5038913
Michigan,2012,Michigan2012,Female,Lung and Bronchus,3758,58.76,2674,41.13,0.700,5038913
Michigan,2012,Michigan2012,Female,Pancreas,826,12.62,691,10.40,0.820,5038913
Michigan,2012,Michigan2012,Male,Colon and Rectum,2337,44.57,872,17.07,0.380,4859376
Michigan,2012,Michigan2012,Male,Lung and Bronchus,4153,78.12,3173,60.55,0.780,4859376
Michigan,2012,Michigan2012,Male,Pancreas,777,14.52,693,13.20,0.910,4859376
Michigan,2013,Michigan2013,Female,Colon and Rectum,2150,33.37,807,12.00,0.360,5045064
Michigan,2013,Michigan2013,Female,Lung and Bronchus,3751,57.16,2652,40.25,0.700,5045064
Michigan,2013,Michigan2013,Female,Pancreas,777,11.72,718,10.65,0.910,5045064
Michigan,2013,Michigan2013,Male,Colon and Rectum,2284,42.82,923,17.79,0.420,4869738
Michigan,2013,Michigan2013,Male,Lung and Bronchus,4045,74.67,3106,58.30,0.780,4869738
Michigan,2013,Michigan2013,Male,Pancreas,829,15.27,724,13.51,0.890,4869738
Michigan,2014,Michigan2014,Female,Colon and Rectum,2221,34.24,877,12.75,0.370,5050975
Michigan,2014,Michigan2014,Female,Lung and Bronchus,3901,58.34,2757,40.88,0.700,5050975
Michigan,2014,Michigan2014,Female,Pancreas,776,11.45,683,9.98,0.870,5050975
Michigan,2014,Michigan2014,Male,Colon and Rectum,2299,42.32,867,16.44,0.390,4881058
Michigan,2014,Michigan2014,Male,Lung and Bronchus,4157,74.56,3185,58.12,0.780,4881058
Michigan,2014,Michigan2014,Male,Pancreas,840,14.97,755,13.64,0.910,4881058
Michigan,2015,Michigan2015,Female,Colon and Rectum,2175,33.05,820,11.86,0.360,5048777
Michigan,2015,Michigan2015,Female,Lung and Bronchus,3997,59.00,2716,39.89,0.680,5048777
Michigan,2015,Michigan2015,Female,Pancreas,849,12.26,755,10.79,0.880,5048777
Michigan,2015,Michigan2015,Male,Colon and Rectum,2334,42.18,902,16.66,0.390,4885706
Michigan,2015,Michigan2015,Male,Lung and Bronchus,4075,71.81,3007,53.75,0.750,4885706
Michigan,2015,Michigan2015,Male,Pancreas,878,15.48,762,13.58,0.880,4885706
Michigan,2016,Michigan2016,Female,Colon and Rectum,2226,33.94,819,11.66,0.340,5055467
Michigan,2016,Michigan2016,Female,Lung and Bronchus,3899,56.22,2569,36.92,0.660,5055467
Michigan,2016,Michigan2016,Female,Pancreas,831,12.01,780,11.13,0.930,5055467
Michigan,2016,Michigan2016,Male,Colon and Rectum,2434,43.28,899,16.17,0.370,4898650
Michigan,2016,Michigan2016,Male,Lung and Bronchus,4260,73.62,2959,52.03,0.710,4898650
Michigan,2016,Michigan2016,Male,Pancreas,929,16.12,762,13.49,0.840,4898650
Michigan,2017,Michigan2017,Female,Colon and Rectum,2248,33.71,847,12.06,0.360,5064544
Michigan,2017,Michigan2017,Female,Lung and Bronchus,4023,56.88,2609,36.48,0.640,5064544
Michigan,2017,Michigan2017,Female,Pancreas,899,12.76,780,10.84,0.850,5064544
Michigan,2017,Michigan2017,Male,Colon and Rectum,2438,42.87,862,15.47,0.360,4912208
Michigan,2017,Michigan2017,Male,Lung and Bronchus,4147,69.70,2893,50.01,0.720,4912208
Michigan,2017,Michigan2017,Male,Pancreas,922,15.56,881,15.07,0.970,4912208
Michigan,2018,Michigan2018,Female,Colon and Rectum,2178,32.45,780,10.92,0.340,5068797
Michigan,2018,Michigan2018,Female,Lung and Bronchus,4086,56.48,2557,35.22,0.620,5068797
Michigan,2018,Michigan2018,Female,Pancreas,818,11.37,762,10.44,0.920,5068797
Michigan,2018,Michigan2018,Male,Colon and Rectum,2284,39.27,891,15.79,0.400,4918489
Michigan,2018,Michigan2018,Male,Lung and Bronchus,4048,65.76,2900,48.78,0.740,4918489
Michigan,2018,Michigan2018,Male,Pancreas,977,16.04,837,14.01,0.870,4918489
Michigan,2019,Michigan2019,Female,Colon and Rectum,2160,32.40,809,11.09,0.340,5066743
Michigan,2019,Michigan2019,Female,Lung and Bronchus,4075,54.92,2521,33.87,0.620,5066743
Michigan,2019,Michigan2019,Female,Pancreas,947,13.08,806,10.85,0.830,5066743
Michigan,2019,Michigan2019,Male,Colon and Rectum,2418,41.47,899,15.46,0.370,4918052
Michigan,2019,Michigan2019,Male,Lung and Bronchus,4207,67.01,2804,45.70,0.680,4918052
Michigan,2019,Michigan2019,Male,Pancreas,942,15.12,851,13.76,0.910,4918052
Michigan,2020,Michigan2020,Female,Colon and Rectum,1844,26.90,849,11.67,0.430,5058742
Michigan,2020,Michigan2020,Female,Lung and Bronchus,3616,48.12,2460,32.43,0.670,5058742
Michigan,2020,Michigan2020,Female,Pancreas,836,11.34,828,11.00,0.970,5058742
Michigan,2020,Michigan2020,Male,Colon and Rectum,1959,33.52,942,15.97,0.480,4907813
Michigan,2020,Michigan2020,Male,Lung and Bronchus,3627,56.60,2754,44.02,0.780,4907813
Michigan,2020,Michigan2020,Male,Pancreas,965,15.49,871,14.07,0.910,4907813
Minnesota,2010,Minnesota2010,Female,Colon and Rectum,1154,36.43,408,12.05,0.330,2675292
Minnesota,2010,Minnesota2010,Female,Lung and Bronchus,1602,52.26,1098,34.96,0.670,2675292
Minnesota,2010,Minnesota2010,Female,Pancreas,276,8.71,293,9.00,1.030,2675292
Minnesota,2010,Minnesota2010,Male,Colon and Rectum,1216,46.77,419,16.53,0.350,2635642
Minnesota,2010,Minnesota2010,Male,Lung and Bronchus,1621,63.56,1272,50.53,0.790,2635642
Minnesota,2010,Minnesota2010,Male,Pancreas,333,12.74,334,12.98,1.020,2635642
Minnesota,2011,Minnesota2011,Female,Colon and Rectum,1080,33.71,401,11.67,0.350,2692147
Minnesota,2011,Minnesota2011,Female,Lung and Bronchus,1504,48.01,1047,32.86,0.680,2692147
Minnesota,2011,Minnesota2011,Female,Pancreas,295,9.31,304,9.11,0.980,2692147
Minnesota,2011,Minnesota2011,Male,Colon and Rectum,1224,45.84,419,16.09,0.350,2654473
Minnesota,2011,Minnesota2011,Male,Lung and Bronchus,1637,61.73,1273,48.90,0.790,2654473
Minnesota,2011,Minnesota2011,Male,Pancreas,389,14.32,313,11.76,0.820,2654473
Minnesota,2012,Minnesota2012,Female,Colon and Rectum,1099,33.92,391,11.11,0.330,2706227
Minnesota,2012,Minnesota2012,Female,Lung and Bronchus,1647,51.47,1109,34.14,0.660,2706227
Minnesota,2012,Minnesota2012,Female,Pancreas,338,10.11,282,8.18,0.810,2706227
Minnesota,2012,Minnesota2012,Male,Colon and Rectum,1151,42.42,406,15.41,0.360,2671273
Minnesota,2012,Minnesota2012,Male,Lung and Bronchus,1694,61.97,1224,46.11,0.740,2671273
Minnesota,2012,Minnesota2012,Male,Pancreas,422,15.56,318,11.92,0.770,2671273
Minnesota,2013,Minnesota2013,Female,Colon and Rectum,1167,34.97,408,11.60,0.330,2724276
Minnesota,2013,Minnesota2013,Female,Lung and Bronchus,1712,51.91,1102,33.32,0.640,2724276
Minnesota,2013,Minnesota2013,Female,Pancreas,337,9.87,314,8.93,0.900,2724276
Minnesota,2013,Minnesota2013,Male,Colon and Rectum,1235,43.86,384,14.24,0.320,2690446
Minnesota,2013,Minnesota2013,Male,Lung and Bronchus,1825,65.45,1289,47.21,0.720,2690446
Minnesota,2013,Minnesota2013,Male,Pancreas,410,14.58,368,13.18,0.900,2690446
Minnesota,2014,Minnesota2014,Female,Colon and Rectum,1153,34.47,394,11.07,0.320,2742170
Minnesota,2014,Minnesota2014,Female,Lung and Bronchus,1694,50.26,1187,34.42,0.680,2742170
Minnesota,2014,Minnesota2014,Female,Pancreas,398,11.66,312,8.90,0.760,2742170
Minnesota,2014,Minnesota2014,Male,Colon and Rectum,1178,40.98,386,14.02,0.340,2710495
Minnesota,2014,Minnesota2014,Male,Lung and Bronchus,1705,59.30,1294,46.00,0.780,2710495
Minnesota,2014,Minnesota2014,Male,Pancreas,422,14.61,360,12.59,0.860,2710495
Minnesota,2015,Minnesota2015,Female,Colon and Rectum,1135,33.92,402,11.17,0.330,2755982
Minnesota,2015,Minnesota2015,Female,Lung and Bronchus,1906,54.94,1175,33.37,0.610,2755982
Minnesota,2015,Minnesota2015,Female,Pancreas,443,12.62,360,10.08,0.800,2755982
Minnesota,2015,Minnesota2015,Male,Colon and Rectum,1267,43.51,407,14.35,0.330,2728020
Minnesota,2015,Minnesota2015,Male,Lung and Bronchus,1904,64.39,1223,42.01,0.650,2728020
Minnesota,2015,Minnesota2015,Male,Pancreas,459,15.61,368,12.54,0.800,2728020
Minnesota,2016,Minnesota2016,Female,Colon and Rectum,1182,34.52,399,10.95,0.320,2775344
Minnesota,2016,Minnesota2016,Female,Lung and Bronchus,1926,54.48,1134,31.75,0.580,2775344
Minnesota,2016,Minnesota2016,Female,Pancreas,446,12.73,358,10.04,0.790,2775344
Minnesota,2016,Minnesota2016,Male,Colon and Rectum,1276,42.55,415,14.14,0.330,2750016
Minnesota,2016,Minnesota2016,Male,Lung and Bronchus,1896,62.32,1195,39.78,0.640,2750016
Minnesota,2016,Minnesota2016,Male,Pancreas,486,15.87,377,12.60,0.790,2750016
Minnesota,2017,Minnesota2017,Female,Colon and Rectum,1138,32.97,365,9.53,0.290,2796520
Minnesota,2017,Minnesota2017,Female,Lung and Bronchus,1919,53.21,1120,30.59,0.570,2796520
Minnesota,2017,Minnesota2017,Female,Pancreas,445,12.23,374,10.32,0.840,2796520
Minnesota,2017,Minnesota2017,Male,Colon and Rectum,1329,43.96,423,14.38,0.330,2772763
Minnesota,2017,Minnesota2017,Male,Lung and Bronchus,1909,60.93,1196,38.65,0.630,2772763
Minnesota,2017,Minnesota2017,Male,Pancreas,469,15.30,403,13.16,0.860,2772763
Minnesota,2018,Minnesota2018,Female,Colon and Rectum,1158,32.35,382,10.24,0.320,2815323
Minnesota,2018,Minnesota2018,Female,Lung and Bronchus,1920,51.62,1019,26.93,0.520,2815323
Minnesota,2018,Minnesota2018,Female,Pancreas,481,12.93,334,8.86,0.690,2815323
Minnesota,2018,Minnesota2018,Male,Colon and Rectum,1311,42.27,433,14.19,0.340,2793439
Minnesota,2018,Minnesota2018,Male,Lung and Bronchus,1948,60.66,1118,35.19,0.580,2793439
Minnesota,2018,Minnesota2018,Male,Pancreas,525,16.18,364,11.46,0.710,2793439
Minnesota,2019,Minnesota2019,Female,Colon and Rectum,1115,30.93,351,8.95,0.290,2830663
Minnesota,2019,Minnesota2019,Female,Lung and Bronchus,2026,52.91,1020,26.31,0.500,2830663
Minnesota,2019,Minnesota2019,Female,Pancreas,504,13.52,376,9.73,0.720,2830663
Minnesota,2019,Minnesota2019,Male,Colon and Rectum,1271,40.35,433,13.65,0.340,2809390
Minnesota,2019,Minnesota2019,Male,Lung and Bronchus,1962,59.14,1137,35.37,0.600,2809390
Minnesota,2019,Minnesota2019,Male,Pancreas,518,15.74,406,12.69,0.810,2809390
Minnesota,2020,Minnesota2020,Female,Colon and Rectum,1019,28.20,387,9.90,0.350,2838748
Minnesota,2020,Minnesota2020,Female,Lung and Bronchus,1828,46.40,1102,28.09,0.610,2838748
Minnesota,2020,Minnesota2020,Female,Pancreas,428,10.98,375,9.47,0.860,2838748
Minnesota,2020,Minnesota2020,Male,Colon and Rectum,1152,36.09,427,13.64,0.380,2818594
Minnesota,2020,Minnesota2020,Male,Lung and Bronchus,1828,53.21,1072,31.89,0.600,2818594
Minnesota,2020,Minnesota2020,Male,Pancreas,572,17.04,436,13.11,0.770,2818594
Mississippi,2010,Mississippi2010,Female,Colon and Rectum,796,45.41,321,17.72,0.390,1527379
Mississippi,2010,Mississippi2010,Female,Lung and Bronchus,1014,57.27,733,41.17,0.720,1527379
Mississippi,2010,Mississippi2010,Female,Pancreas,205,11.48,183,10.15,0.880,1527379
Mississippi,2010,Mississippi2010,Male,Colon and Rectum,853,60.60,311,23.62,0.390,1443236
Mississippi,2010,Mississippi2010,Male,Lung and Bronchus,1458,103.41,1225,89.17,0.860,1443236
Mississippi,2010,Mississippi2010,Male,Pancreas,208,15.33,192,14.20,0.930,1443236
Mississippi,2011,Mississippi2011,Female,Colon and Rectum,744,41.73,294,16.20,0.390,1531631
Mississippi,2011,Mississippi2011,Female,Lung and Bronchus,1005,55.65,750,40.99,0.740,1531631
Mississippi,2011,Mississippi2011,Female,Pancreas,212,11.60,200,10.99,0.950,1531631
Mississippi,2011,Mississippi2011,Male,Colon and Rectum,855,59.30,332,24.53,0.410,1447516
Mississippi,2011,Mississippi2011,Male,Lung and Bronchus,1447,101.17,1178,83.88,0.830,1447516
Mississippi,2011,Mississippi2011,Male,Pancreas,239,16.75,180,12.52,0.750,1447516
Mississippi,2012,Mississippi2012,Female,Colon and Rectum,766,41.95,291,15.88,0.380,1534497
Mississippi,2012,Mississippi2012,Female,Lung and Bronchus,1049,57.45,753,41.03,0.710,1534497
Mississippi,2012,Mississippi2012,Female,Pancreas,231,12.72,215,11.78,0.930,1534497
Mississippi,2012,Mississippi2012,Male,Colon and Rectum,836,57.51,331,23.72,0.410,1450102
Mississippi,2012,Mississippi2012,Male,Lung and Bronchus,1493,101.10,1154,81.38,0.800,1450102
Mississippi,2012,Mississippi2012,Male,Pancreas,242,16.61,244,17.36,1.040,1450102
Mississippi,2013,Mississippi2013,Female,Colon and Rectum,746,40.43,280,15.31,0.380,1536846
Mississippi,2013,Mississippi2013,Female,Lung and Bronchus,1076,57.60,773,41.69,0.720,1536846
Mississippi,2013,Mississippi2013,Female,Pancreas,224,11.92,215,11.48,0.960,1536846
Mississippi,2013,Mississippi2013,Male,Colon and Rectum,931,61.23,335,23.19,0.380,1452993
Mississippi,2013,Mississippi2013,Male,Lung and Bronchus,1549,103.65,1202,81.89,0.790,1452993
Mississippi,2013,Mississippi2013,Male,Pancreas,225,15.14,195,13.34,0.880,1452993
Mississippi,2014,Mississippi2014,Female,Colon and Rectum,752,40.77,290,15.54,0.380,1538890
Mississippi,2014,Mississippi2014,Female,Lung and Bronchus,1055,55.42,771,40.56,0.730,1538890
Mississippi,2014,Mississippi2014,Female,Pancreas,247,13.14,208,10.88,0.830,1538890
Mississippi,2014,Mississippi2014,Male,Colon and Rectum,857,55.04,359,23.97,0.440,1453002
Mississippi,2014,Mississippi2014,Male,Lung and Bronchus,1560,101.37,1173,78.50,0.770,1453002
Mississippi,2014,Mississippi2014,Male,Pancreas,286,18.88,214,14.13,0.750,1453002
Mississippi,2015,Mississippi2015,Female,Colon and Rectum,796,42.27,285,14.88,0.350,1539560
Mississippi,2015,Mississippi2015,Female,Lung and Bronchus,1135,58.17,746,38.38,0.660,1539560
Mississippi,2015,Mississippi2015,Female,Pancreas,227,11.81,208,10.83,0.920,1539560
Mississippi,2015,Mississippi2015,Male,Colon and Rectum,896,57.85,325,21.65,0.370,1450671
Mississippi,2015,Mississippi2015,Male,Lung and Bronchus,1505,96.63,1164,77.20,0.800,1450671
Mississippi,2015,Mississippi2015,Male,Pancreas,278,18.85,258,18.08,0.960,1450671
Mississippi,2016,Mississippi2016,Female,Colon and Rectum,771,40.89,297,15.14,0.370,1540132
Mississippi,2016,Mississippi2016,Female,Lung and Bronchus,1185,59.94,762,38.31,0.640,1540132
Mississippi,2016,Mississippi2016,Female,Pancreas,236,12.17,217,11.13,0.910,1540132
Mississippi,2016,Mississippi2016,Male,Colon and Rectum,886,56.43,355,23.13,0.410,1450463
Mississippi,2016,Mississippi2016,Male,Lung and Bronchus,1556,97.78,1141,74.19,0.760,1450463
Mississippi,2016,Mississippi2016,Male,Pancreas,280,17.45,231,15.14,0.870,1450463
Mississippi,2017,Mississippi2017,Female,Colon and Rectum,815,42.38,283,14.14,0.330,1539672
Mississippi,2017,Mississippi2017,Female,Lung and Bronchus,1184,58.71,750,36.76,0.630,1539672
Mississippi,2017,Mississippi2017,Female,Pancreas,252,12.36,220,10.88,0.880,1539672
Mississippi,2017,Mississippi2017,Male,Colon and Rectum,891,54.85,332,20.76,0.380,1451002
Mississippi,2017,Mississippi2017,Male,Lung and Bronchus,1512,92.23,1054,66.36,0.720,1451002
Mississippi,2017,Mississippi2017,Male,Pancreas,256,16.01,257,16.12,1.010,1451002
Mississippi,2018,Mississippi2018,Female,Colon and Rectum,834,42.89,270,13.38,0.310,1536005
Mississippi,2018,Mississippi2018,Female,Lung and Bronchus,1161,56.66,759,37.10,0.650,1536005
Mississippi,2018,Mississippi2018,Female,Pancreas,246,11.99,220,10.52,0.880,1536005
Mississippi,2018,Mississippi2018,Male,Colon and Rectum,948,58.35,350,22.15,0.380,1446874
Mississippi,2018,Mississippi2018,Male,Lung and Bronchus,1569,93.61,1079,65.92,0.700,1446874
Mississippi,2018,Mississippi2018,Male,Pancreas,245,14.75,230,13.95,0.950,1446874
Mississippi,2019,Mississippi2019,Female,Colon and Rectum,789,40.44,293,14.54,0.360,1534587
Mississippi,2019,Mississippi2019,Female,Lung and Bronchus,1170,55.62,751,35.89,0.650,1534587
Mississippi,2019,Mississippi2019,Female,Pancreas,250,12.23,214,10.25,0.840,1534587
Mississippi,2019,Mississippi2019,Male,Colon and Rectum,911,55.91,348,21.73,0.390,1443640
Mississippi,2019,Mississippi2019,Male,Lung and Bronchus,1475,86.91,1115,67.37,0.780,1443640
Mississippi,2019,Mississippi2019,Male,Pancreas,252,15.28,223,13.68,0.900,1443640
Mississippi,2020,Mississippi2020,Female,Colon and Rectum,654,33.43,265,13.12,0.390,1530971
Mississippi,2020,Mississippi2020,Female,Lung and Bronchus,980,45.77,717,33.34,0.730,1530971
Mississippi,2020,Mississippi2020,Female,Pancreas,256,11.94,262,12.12,1.010,1530971
Mississippi,2020,Mississippi2020,Male,Colon and Rectum,783,46.42,365,22.09,0.480,1435815
Mississippi,2020,Mississippi2020,Male,Lung and Bronchus,1311,76.13,1039,61.87,0.810,1435815
Mississippi,2020,Mississippi2020,Male,Pancreas,255,14.89,221,12.99,0.870,1435815
Missouri,2010,Missouri2010,Female,Colon and Rectum,1457,38.70,560,14.50,0.370,3058876
Missouri,2010,Missouri2010,Female,Lung and Bronchus,2447,64.85,1748,45.97,0.710,3058876
Missouri,2010,Missouri2010,Female,Pancreas,439,11.29,406,10.25,0.910,3058876
Missouri,2010,Missouri2010,Male,Colon and Rectum,1566,51.74,591,20.16,0.390,2937213
Missouri,2010,Missouri2010,Male,Lung and Bronchus,2768,90.33,2161,72.24,0.800,2937213
Missouri,2010,Missouri2010,Male,Pancreas,460,14.97,404,13.41,0.900,2937213
Missouri,2011,Missouri2011,Female,Colon and Rectum,1429,37.20,499,12.56,0.340,3065745
Missouri,2011,Missouri2011,Female,Lung and Bronchus,2439,64.18,1705,44.35,0.690,3065745
Missouri,2011,Missouri2011,Female,Pancreas,461,11.82,377,9.47,0.800,3065745
Missouri,2011,Missouri2011,Male,Colon and Rectum,1584,51.63,595,19.91,0.390,2945437
Missouri,2011,Missouri2011,Male,Lung and Bronchus,2874,92.53,2128,69.30,0.750,2945437
Missouri,2011,Missouri2011,Male,Pancreas,441,14.15,391,12.61,0.890,2945437
Missouri,2012,Missouri2012,Female,Colon and Rectum,1461,37.92,550,13.60,0.360,3072496
Missouri,2012,Missouri2012,Female,Lung and Bronchus,2535,64.79,1768,44.74,0.690,3072496
Missouri,2012,Missouri2012,Female,Pancreas,386,9.88,401,9.95,1.010,3072496
Missouri,2012,Missouri2012,Male,Colon and Rectum,1583,50.49,603,19.99,0.400,2953531
Missouri,2012,Missouri2012,Male,Lung and Bronchus,2955,92.51,2224,70.72,0.760,2953531
Missouri,2012,Missouri2012,Male,Pancreas,440,13.86,388,12.36,0.890,2953531
Missouri,2013,Missouri2013,Female,Colon and Rectum,1375,34.93,548,13.32,0.380,3079277
Missouri,2013,Missouri2013,Female,Lung and Bronchus,2621,66.18,1772,43.96,0.660,3079277
Missouri,2013,Missouri2013,Female,Pancreas,442,11.07,379,9.36,0.850,3079277
Missouri,2013,Missouri2013,Male,Colon and Rectum,1600,49.58,568,17.97,0.360,2963712
Missouri,2013,Missouri2013,Male,Lung and Bronchus,2858,87.02,2228,68.94,0.790,2963712
Missouri,2013,Missouri2013,Male,Pancreas,474,14.66,404,12.63,0.860,2963712
Missouri,2014,Missouri2014,Female,Colon and Rectum,1421,36.44,493,12.05,0.330,3086784
Missouri,2014,Missouri2014,Female,Lung and Bronchus,2601,64.00,1821,44.41,0.690,3086784
Missouri,2014,Missouri2014,Female,Pancreas,469,11.69,429,10.46,0.890,3086784
Missouri,2014,Missouri2014,Male,Colon and Rectum,1557,47.35,565,17.52,0.370,2972346
Missouri,2014,Missouri2014,Male,Lung and Bronchus,2863,85.93,2163,65.71,0.760,2972346
Missouri,2014,Missouri2014,Male,Pancreas,516,15.30,456,13.82,0.900,2972346
Missouri,2015,Missouri2015,Female,Colon and Rectum,1385,34.62,530,12.70,0.370,3094077
Missouri,2015,Missouri2015,Female,Lung and Bronchus,2586,63.08,1774,42.74,0.680,3094077
Missouri,2015,Missouri2015,Female,Pancreas,446,10.80,408,9.64,0.890,3094077
Missouri,2015,Missouri2015,Male,Colon and Rectum,1583,47.99,580,18.02,0.380,2981334
Missouri,2015,Missouri2015,Male,Lung and Bronchus,2913,85.09,2096,62.16,0.730,2981334
Missouri,2015,Missouri2015,Male,Pancreas,482,14.08,439,12.83,0.910,2981334
Missouri,2016,Missouri2016,Female,Colon and Rectum,1396,35.28,510,11.68,0.330,3101501
Missouri,2016,Missouri2016,Female,Lung and Bronchus,2600,61.74,1702,40.14,0.650,3101501
Missouri,2016,Missouri2016,Female,Pancreas,420,10.02,391,9.17,0.910,3101501
Missouri,2016,Missouri2016,Male,Colon and Rectum,1546,46.01,576,17.33,0.380,2989883
Missouri,2016,Missouri2016,Male,Lung and Bronchus,2737,78.63,2004,58.05,0.740,2989883
Missouri,2016,Missouri2016,Male,Pancreas,489,14.21,427,12.49,0.880,2989883
Missouri,2017,Missouri2017,Female,Colon and Rectum,1441,35.39,490,11.32,0.320,3111381
Missouri,2017,Missouri2017,Female,Lung and Bronchus,2731,63.18,1647,37.75,0.600,3111381
Missouri,2017,Missouri2017,Female,Pancreas,477,11.14,404,9.15,0.820,3111381
Missouri,2017,Missouri2017,Male,Colon and Rectum,1549,45.35,594,17.57,0.390,3000001
Missouri,2017,Missouri2017,Male,Lung and Bronchus,3015,84.15,2043,58.39,0.690,3000001
Missouri,2017,Missouri2017,Male,Pancreas,574,16.30,500,14.28,0.880,3000001
Missouri,2018,Missouri2018,Female,Colon and Rectum,1459,35.26,509,11.76,0.330,3119006
Missouri,2018,Missouri2018,Female,Lung and Bronchus,2729,62.23,1641,37.32,0.600,3119006
Missouri,2018,Missouri2018,Female,Pancreas,522,12.10,409,9.37,0.770,3119006
Missouri,2018,Missouri2018,Male,Colon and Rectum,1596,45.94,624,18.26,0.400,3006980
Missouri,2018,Missouri2018,Male,Lung and Bronchus,2871,78.68,1918,53.40,0.680,3006980
Missouri,2018,Missouri2018,Male,Pancreas,578,16.14,507,14.34,0.890,3006980
Missouri,2019,Missouri2019,Female,Colon and Rectum,1417,34.23,491,11.19,0.330,3127846
Missouri,2019,Missouri2019,Female,Lung and Bronchus,2760,61.65,1626,35.88,0.580,3127846
Missouri,2019,Missouri2019,Female,Pancreas,533,12.14,457,10.23,0.840,3127846
Missouri,2019,Missouri2019,Male,Colon and Rectum,1509,42.59,561,15.81,0.370,3012629
Missouri,2019,Missouri2019,Male,Lung and Bronchus,2795,74.94,1851,50.14,0.670,3012629
Missouri,2019,Missouri2019,Male,Pancreas,559,15.20,508,13.75,0.900,3012629
Missouri,2020,Missouri2020,Female,Colon and Rectum,1283,31.00,485,10.82,0.350,3133825
Missouri,2020,Missouri2020,Female,Lung and Bronchus,2596,56.95,1630,35.39,0.620,3133825
Missouri,2020,Missouri2020,Female,Pancreas,488,10.77,442,9.64,0.890,3133825
Missouri,2020,Missouri2020,Male,Colon and Rectum,1423,40.23,523,14.69,0.370,3017723
Missouri,2020,Missouri2020,Male,Lung and Bronchus,2713,70.48,1858,49.36,0.700,3017723
Missouri,2020,Missouri2020,Male,Pancreas,559,14.94,502,13.60,0.910,3017723
Montana,2010,Montana2010,Female,Colon and Rectum,246,38.40,75,11.27,0.290,493472
Montana,2010,Montana2010,Female,Lung and Bronchus,343,54.42,236,36.17,0.660,493472
Montana,2010,Montana2010,Female,Pancreas,67,10.53,52,7.82,0.740,493472
Montana,2010,Montana2010,Male,Colon and Rectum,289,50.74,92,16.70,0.330,497258
Montana,2010,Montana2010,Male,Lung and Bronchus,352,63.20,242,43.76,0.690,497258
Montana,2010,Montana2010,Male,Pancreas,83,14.74,56,10.52,0.710,497258
Montana,2011,Montana2011,Female,Colon and Rectum,229,36.18,69,10.20,0.280,497009
Montana,2011,Montana2011,Female,Lung and Bronchus,338,51.71,256,39.18,0.760,497009
Montana,2011,Montana2011,Female,Pancreas,73,11.08,59,9.00,0.810,497009
Montana,2011,Montana2011,Male,Colon and Rectum,250,42.81,91,15.73,0.370,500509
Montana,2011,Montana2011,Male,Lung and Bronchus,404,71.90,328,57.93,0.810,500509
Montana,2011,Montana2011,Male,Pancreas,62,10.77,78,13.68,1.270,500509
Montana,2012,Montana2012,Female,Colon and Rectum,209,32.35,84,12.24,0.380,499969
Montana,2012,Montana2012,Female,Lung and Bronchus,340,50.36,233,34.60,0.690,499969
Montana,2012,Montana2012,Female,Pancreas,59,8.99,60,8.70,0.970,499969
Montana,2012,Montana2012,Male,Colon and Rectum,247,41.10,96,16.12,0.390,504199
Montana,2012,Montana2012,Male,Lung and Bronchus,358,60.13,262,44.95,0.750,504199
Montana,2012,Montana2012,Male,Pancreas,83,13.18,47,7.83,0.590,504199
Montana,2013,Montana2013,Female,Colon and Rectum,213,32.18,66,9.64,0.300,504489
Montana,2013,Montana2013,Female,Lung and Bronchus,440,65.62,241,35.74,0.540,504489
Montana,2013,Montana2013,Female,Pancreas,76,11.24,67,9.82,0.870,504489
Montana,2013,Montana2013,Male,Colon and Rectum,291,47.16,95,15.73,0.330,509669
Montana,2013,Montana2013,Male,Lung and Bronchus,334,53.48,249,40.92,0.770,509669
Montana,2013,Montana2013,Male,Pancreas,78,12.58,71,11.04,0.880,509669
Montana,2014,Montana2014,Female,Colon and Rectum,233,34.55,88,12.43,0.360,508360
Montana,2014,Montana2014,Female,Lung and Bronchus,352,50.83,285,40.98,0.810,508360
Montana,2014,Montana2014,Female,Pancreas,80,11.34,69,10.01,0.880,508360
Montana,2014,Montana2014,Male,Colon and Rectum,268,42.40,104,16.94,0.400,514297
Montana,2014,Montana2014,Male,Lung and Bronchus,377,59.52,274,44.91,0.750,514297
Montana,2014,Montana2014,Male,Pancreas,72,10.94,60,9.39,0.860,514297
Montana,2015,Montana2015,Female,Colon and Rectum,220,33.08,84,11.08,0.330,512294
Montana,2015,Montana2015,Female,Lung and Bronchus,400,55.80,268,37.80,0.680,512294
Montana,2015,Montana2015,Female,Pancreas,83,11.22,75,10.15,0.900,512294
Montana,2015,Montana2015,Male,Colon and Rectum,297,48.19,105,17.56,0.360,519201
Montana,2015,Montana2015,Male,Lung and Bronchus,350,53.94,271,42.26,0.780,519201
Montana,2015,Montana2015,Male,Pancreas,99,14.98,78,12.04,0.800,519201
Montana,2016,Montana2016,Female,Colon and Rectum,224,32.89,78,10.75,0.330,517417
Montana,2016,Montana2016,Female,Lung and Bronchus,403,55.26,245,32.91,0.600,517417
Montana,2016,Montana2016,Female,Pancreas,77,10.78,58,8.23,0.760,517417
Montana,2016,Montana2016,Male,Colon and Rectum,274,42.02,102,15.52,0.370,524720
Montana,2016,Montana2016,Male,Lung and Bronchus,354,53.68,232,36.62,0.680,524720
Montana,2016,Montana2016,Male,Pancreas,106,16.67,89,13.98,0.840,524720
Montana,2017,Montana2017,Female,Colon and Rectum,216,31.06,72,9.93,0.320,523400
Montana,2017,Montana2017,Female,Lung and Bronchus,385,50.32,245,32.59,0.650,523400
Montana,2017,Montana2017,Female,Pancreas,81,11.05,76,9.72,0.880,523400
Montana,2017,Montana2017,Male,Colon and Rectum,295,45.87,97,14.85,0.320,530462
Montana,2017,Montana2017,Male,Lung and Bronchus,330,47.76,220,33.07,0.690,530462
Montana,2017,Montana2017,Male,Pancreas,85,12.46,77,11.09,0.890,530462
Montana,2018,Montana2018,Female,Colon and Rectum,207,30.19,69,9.37,0.310,527421
Montana,2018,Montana2018,Female,Lung and Bronchus,354,44.74,232,29.73,0.660,527421
Montana,2018,Montana2018,Female,Pancreas,83,10.59,72,9.11,0.860,527421
Montana,2018,Montana2018,Male,Colon and Rectum,272,40.41,95,14.66,0.360,534397
Montana,2018,Montana2018,Male,Lung and Bronchus,361,49.65,238,34.00,0.680,534397
Montana,2018,Montana2018,Male,Pancreas,99,13.37,68,9.71,0.730,534397
Montana,2019,Montana2019,Female,Colon and Rectum,218,30.78,79,10.38,0.340,531486
Montana,2019,Montana2019,Female,Lung and Bronchus,369,46.09,192,23.92,0.520,531486
Montana,2019,Montana2019,Female,Pancreas,86,11.91,79,10.14,0.850,531486
Montana,2019,Montana2019,Male,Colon and Rectum,271,40.32,97,14.07,0.350,538637
Montana,2019,Montana2019,Male,Lung and Bronchus,367,49.36,217,30.70,0.620,538637
Montana,2019,Montana2019,Male,Pancreas,96,13.45,85,11.81,0.880,538637
Montana,2020,Montana2020,Female,Colon and Rectum,221,30.49,71,9.09,0.300,536476
Montana,2020,Montana2020,Female,Lung and Bronchus,347,41.93,210,25.36,0.600,536476
Montana,2020,Montana2020,Female,Pancreas,76,9.49,68,8.74,0.920,536476
Montana,2020,Montana2020,Male,Colon and Rectum,278,40.90,93,12.90,0.320,544101
Montana,2020,Montana2020,Male,Lung and Bronchus,306,39.76,221,30.00,0.750,544101
Montana,2020,Montana2020,Male,Pancreas,109,14.79,77,10.48,0.710,544101
Nebraska,2010,Nebraska2010,Female,Colon and Rectum,489,43.36,178,14.75,0.340,921463
Nebraska,2010,Nebraska2010,Female,Lung and Bronchus,566,51.75,403,36.27,0.700,921463
Nebraska,2010,Nebraska2010,Female,Pancreas,121,10.65,105,8.94,0.840,921463
Nebraska,2010,Nebraska2010,Male,Colon and Rectum,459,49.51,180,20.02,0.400,908128
Nebraska,2010,Nebraska2010,Male,Lung and Bronchus,661,72.90,526,58.59,0.800,908128
Nebraska,2010,Nebraska2010,Male,Pancreas,112,12.24,104,11.22,0.920,908128
Nebraska,2011,Nebraska2011,Female,Colon and Rectum,459,41.09,182,15.18,0.370,926785
Nebraska,2011,Nebraska2011,Female,Lung and Bronchus,529,47.50,387,34.24,0.720,926785
Nebraska,2011,Nebraska2011,Female,Pancreas,107,9.55,96,8.51,0.890,926785
Nebraska,2011,Nebraska2011,Male,Colon and Rectum,462,50.37,179,19.43,0.390,914129
Nebraska,2011,Nebraska2011,Male,Lung and Bronchus,648,71.19,479,53.27,0.750,914129
Nebraska,2011,Nebraska2011,Male,Pancreas,124,13.21,101,11.23,0.850,914129
Nebraska,2012,Nebraska2012,Female,Colon and Rectum,423,37.68,178,14.45,0.380,932548
Nebraska,2012,Nebraska2012,Female,Lung and Bronchus,567,50.19,419,36.27,0.720,932548
Nebraska,2012,Nebraska2012,Female,Pancreas,124,10.70,102,8.68,0.810,932548
Nebraska,2012,Nebraska2012,Male,Colon and Rectum,480,51.24,163,17.64,0.340,921143
Nebraska,2012,Nebraska2012,Male,Lung and Bronchus,700,74.09,486,52.67,0.710,921143
Nebraska,2012,Nebraska2012,Male,Pancreas,150,15.85,142,15.02,0.950,921143
Nebraska,2013,Nebraska2013,Female,Colon and Rectum,397,34.87,157,13.09,0.380,937543
Nebraska,2013,Nebraska2013,Female,Lung and Bronchus,619,53.90,402,34.00,0.630,937543
Nebraska,2013,Nebraska2013,Female,Pancreas,125,10.73,120,9.75,0.910,937543
Nebraska,2013,Nebraska2013,Male,Colon and Rectum,475,49.52,163,17.50,0.350,928270
Nebraska,2013,Nebraska2013,Male,Lung and Bronchus,703,73.66,511,54.49,0.740,928270
Nebraska,2013,Nebraska2013,Male,Pancreas,134,13.89,122,12.82,0.920,928270
Nebraska,2014,Nebraska2014,Female,Colon and Rectum,416,35.95,164,13.43,0.370,943774
Nebraska,2014,Nebraska2014,Female,Lung and Bronchus,565,49.18,380,32.43,0.660,943774
Nebraska,2014,Nebraska2014,Female,Pancreas,128,11.10,102,8.60,0.770,943774
Nebraska,2014,Nebraska2014,Male,Colon and Rectum,505,50.07,177,18.25,0.360,936181
Nebraska,2014,Nebraska2014,Male,Lung and Bronchus,679,69.40,506,52.96,0.760,936181
Nebraska,2014,Nebraska2014,Male,Pancreas,138,14.49,119,12.21,0.840,936181
Nebraska,2015,Nebraska2015,Female,Colon and Rectum,464,39.41,154,12.10,0.310,949042
Nebraska,2015,Nebraska2015,Female,Lung and Bronchus,607,51.53,425,35.30,0.680,949042
Nebraska,2015,Nebraska2015,Female,Pancreas,143,12.06,106,8.58,0.710,949042
Nebraska,2015,Nebraska2015,Male,Colon and Rectum,463,46.95,185,19.06,0.410,943017
Nebraska,2015,Nebraska2015,Male,Lung and Bronchus,662,66.56,488,49.82,0.750,943017
Nebraska,2015,Nebraska2015,Male,Pancreas,149,14.74,108,11.06,0.750,943017
Nebraska,2016,Nebraska2016,Female,Colon and Rectum,486,41.76,155,12.50,0.300,955739
Nebraska,2016,Nebraska2016,Female,Lung and Bronchus,622,51.75,418,33.77,0.650,955739
Nebraska,2016,Nebraska2016,Female,Pancreas,156,12.40,136,10.95,0.880,955739
Nebraska,2016,Nebraska2016,Male,Colon and Rectum,495,48.76,159,15.79,0.320,950744
Nebraska,2016,Nebraska2016,Male,Lung and Bronchus,610,58.65,438,43.17,0.740,950744
Nebraska,2016,Nebraska2016,Male,Pancreas,172,17.11,131,13.41,0.780,950744
Nebraska,2017,Nebraska2017,Female,Colon and Rectum,453,38.46,153,11.76,0.310,960422
Nebraska,2017,Nebraska2017,Female,Lung and Bronchus,613,50.27,379,30.73,0.610,960422
Nebraska,2017,Nebraska2017,Female,Pancreas,123,10.28,108,8.37,0.810,960422
Nebraska,2017,Nebraska2017,Male,Colon and Rectum,461,45.02,159,15.59,0.350,956576
Nebraska,2017,Nebraska2017,Male,Lung and Bronchus,653,61.73,436,42.34,0.690,956576
Nebraska,2017,Nebraska2017,Male,Pancreas,156,15.11,166,16.39,1.090,956576
Nebraska,2018,Nebraska2018,Female,Colon and Rectum,451,37.99,170,12.73,0.340,964575
Nebraska,2018,Nebraska2018,Female,Lung and Bronchus,619,49.48,373,29.48,0.600,964575
Nebraska,2018,Nebraska2018,Female,Pancreas,135,10.94,136,10.72,0.980,964575
Nebraska,2018,Nebraska2018,Male,Colon and Rectum,499,47.87,186,18.13,0.380,960937
Nebraska,2018,Nebraska2018,Male,Lung and Bronchus,679,61.46,418,39.02,0.630,960937
Nebraska,2018,Nebraska2018,Male,Pancreas,145,13.24,137,12.82,0.970,960937
Nebraska,2019,Nebraska2019,Female,Colon and Rectum,411,34.24,160,11.84,0.350,967601
Nebraska,2019,Nebraska2019,Female,Lung and Bronchus,625,48.17,354,27.66,0.570,967601
Nebraska,2019,Nebraska2019,Female,Pancreas,143,11.40,125,9.89,0.870,967601
Nebraska,2019,Nebraska2019,Male,Colon and Rectum,456,43.15,180,17.40,0.400,964970
Nebraska,2019,Nebraska2019,Male,Lung and Bronchus,668,59.96,425,39.11,0.650,964970
Nebraska,2019,Nebraska2019,Male,Pancreas,170,15.24,138,12.94,0.850,964970
Nebraska,2020,Nebraska2020,Female,Colon and Rectum,381,32.10,163,12.13,0.380,969739
Nebraska,2020,Nebraska2020,Female,Lung and Bronchus,538,41.19,333,25.16,0.610,969739
Nebraska,2020,Nebraska2020,Female,Pancreas,143,10.86,137,10.39,0.960,969739
Nebraska,2020,Nebraska2020,Male,Colon and Rectum,411,39.40,181,16.99,0.430,967813
Nebraska,2020,Nebraska2020,Male,Lung and Bronchus,553,48.12,387,34.93,0.730,967813
Nebraska,2020,Nebraska2020,Male,Pancreas,178,15.78,157,13.84,0.880,967813
Nevada,2010,Nevada2010,Female,Colon and Rectum,524,37.30,183,13.29,0.360,1338331
Nevada,2010,Nevada2010,Female,Lung and Bronchus,799,56.78,579,42.05,0.740,1338331
Nevada,2010,Nevada2010,Female,Pancreas,150,10.48,133,9.65,0.920,1338331
Nevada,2010,Nevada2010,Male,Colon and Rectum,616,47.08,258,21.78,0.460,1364152
Nevada,2010,Nevada2010,Male,Lung and Bronchus,878,68.89,672,53.58,0.780,1364152
Nevada,2010,Nevada2010,Male,Pancreas,157,12.02,176,13.57,1.130,1364152
Nevada,2011,Nevada2011,Female,Colon and Rectum,549,38.53,184,13.36,0.350,1345187
Nevada,2011,Nevada2011,Female,Lung and Bronchus,863,59.44,611,42.45,0.710,1345187
Nevada,2011,Nevada2011,Female,Pancreas,168,11.41,119,8.12,0.710,1345187
Nevada,2011,Nevada2011,Male,Colon and Rectum,618,45.95,254,19.97,0.430,1367927
Nevada,2011,Nevada2011,Male,Lung and Bronchus,889,66.97,710,56.62,0.850,1367927
Nevada,2011,Nevada2011,Male,Pancreas,182,14.25,177,14.11,0.990,1367927
Nevada,2012,Nevada2012,Female,Colon and Rectum,504,34.15,214,14.84,0.430,1361633
Nevada,2012,Nevada2012,Female,Lung and Bronchus,832,54.85,636,42.85,0.780,1361633
Nevada,2012,Nevada2012,Female,Pancreas,138,8.92,132,8.75,0.980,1361633
Nevada,2012,Nevada2012,Male,Colon and Rectum,640,46.02,273,20.49,0.450,1383037
Nevada,2012,Nevada2012,Male,Lung and Bronchus,913,66.56,677,50.51,0.760,1383037
Nevada,2012,Nevada2012,Male,Pancreas,178,12.94,140,10.54,0.810,1383037
Nevada,2013,Nevada2013,Female,Colon and Rectum,533,35.15,218,14.65,0.420,1379061
Nevada,2013,Nevada2013,Female,Lung and Bronchus,893,56.98,616,40.03,0.700,1379061
Nevada,2013,Nevada2013,Female,Pancreas,189,12.07,158,10.24,0.850,1379061
Nevada,2013,Nevada2013,Male,Colon and Rectum,626,43.44,264,19.29,0.440,1397895
Nevada,2013,Nevada2013,Male,Lung and Bronchus,961,67.24,719,52.04,0.770,1397895
Nevada,2013,Nevada2013,Male,Pancreas,191,12.63,167,11.54,0.910,1397895
Nevada,2014,Nevada2014,Female,Colon and Rectum,501,31.17,207,13.27,0.430,1401290
Nevada,2014,Nevada2014,Female,Lung and Bronchus,931,56.49,663,41.09,0.730,1401290
Nevada,2014,Nevada2014,Female,Pancreas,155,9.18,141,8.62,0.940,1401290
Nevada,2014,Nevada2014,Male,Colon and Rectum,672,44.13,286,19.93,0.450,1417645
Nevada,2014,Nevada2014,Male,Lung and Bronchus,819,55.72,745,51.65,0.930,1417645
Nevada,2014,Nevada2014,Male,Pancreas,180,12.07,169,11.46,0.950,1417645
Nevada,2015,Nevada2015,Female,Colon and Rectum,490,29.32,214,12.92,0.440,1427439
Nevada,2015,Nevada2015,Female,Lung and Bronchus,878,51.65,645,38.44,0.740,1427439
Nevada,2015,Nevada2015,Female,Pancreas,182,10.75,148,8.69,0.810,1427439
Nevada,2015,Nevada2015,Male,Colon and Rectum,634,40.67,275,18.88,0.460,1441092
Nevada,2015,Nevada2015,Male,Lung and Bronchus,797,50.57,691,46.08,0.910,1441092
Nevada,2015,Nevada2015,Male,Pancreas,198,12.67,200,13.02,1.030,1441092
Nevada,2016,Nevada2016,Female,Colon and Rectum,557,32.38,255,15.02,0.460,1453771
Nevada,2016,Nevada2016,Female,Lung and Bronchus,913,51.17,653,37.76,0.740,1453771
Nevada,2016,Nevada2016,Female,Pancreas,199,11.35,161,9.26,0.820,1453771
Nevada,2016,Nevada2016,Male,Colon and Rectum,669,40.88,296,18.87,0.460,1465784
Nevada,2016,Nevada2016,Male,Lung and Bronchus,874,53.78,614,39.21,0.730,1465784
Nevada,2016,Nevada2016,Male,Pancreas,219,12.97,178,10.76,0.830,1465784
Nevada,2017,Nevada2017,Female,Colon and Rectum,554,31.36,256,14.54,0.460,1480860
Nevada,2017,Nevada2017,Female,Lung and Bronchus,910,49.28,627,35.05,0.710,1480860
Nevada,2017,Nevada2017,Female,Pancreas,251,13.83,184,10.21,0.740,1480860
Nevada,2017,Nevada2017,Male,Colon and Rectum,641,38.63,319,19.97,0.520,1491237
Nevada,2017,Nevada2017,Male,Lung and Bronchus,849,50.65,685,42.08,0.830,1491237
Nevada,2017,Nevada2017,Male,Pancreas,215,12.84,196,11.79,0.920,1491237
Nevada,2018,Nevada2018,Female,Colon and Rectum,545,29.99,198,10.84,0.360,1510460
Nevada,2018,Nevada2018,Female,Lung and Bronchus,821,42.26,582,30.63,0.720,1510460
Nevada,2018,Nevada2018,Female,Pancreas,176,9.45,174,9.32,0.990,1510460
Nevada,2018,Nevada2018,Male,Colon and Rectum,701,40.57,263,16.12,0.400,1520265
Nevada,2018,Nevada2018,Male,Lung and Bronchus,736,42.28,609,35.44,0.840,1520265
Nevada,2018,Nevada2018,Male,Pancreas,229,12.98,212,12.14,0.940,1520265
Nevada,2019,Nevada2019,Female,Colon and Rectum,517,27.84,212,11.22,0.400,1541266
Nevada,2019,Nevada2019,Female,Lung and Bronchus,810,40.33,598,30.28,0.750,1541266
Nevada,2019,Nevada2019,Female,Pancreas,208,10.35,166,8.36,0.810,1541266
Nevada,2019,Nevada2019,Male,Colon and Rectum,644,36.54,267,15.49,0.420,1549505
Nevada,2019,Nevada2019,Male,Lung and Bronchus,772,42.21,655,36.88,0.870,1549505
Nevada,2019,Nevada2019,Male,Pancreas,266,14.79,214,12.03,0.810,1549505
Nevada,2020,Nevada2020,Female,Colon and Rectum,,,,,,
Nevada,2020,Nevada2020,Female,Lung and Bronchus,,,,,,
Nevada,2020,Nevada2020,Female,Pancreas,,,,,,
Nevada,2020,Nevada2020,Male,Colon and Rectum,,,,,,
Nevada,2020,Nevada2020,Male,Lung and Bronchus,,,,,,
Nevada,2020,Nevada2020,Male,Pancreas,,,,,,
New Hampshire,2010,New Hampshire2010,Female,Colon and Rectum,274,32.96,120,14.03,0.430,667248
New Hampshire,2010,New Hampshire2010,Female,Lung and Bronchus,536,64.88,340,41.92,0.650,667248
New Hampshire,2010,New Hampshire2010,Female,Pancreas,91,10.55,82,9.73,0.920,667248
New Hampshire,2010,New Hampshire2010,Male,Colon and Rectum,255,36.05,92,14.54,0.400,649559
New Hampshire,2010,New Hampshire2010,Male,Lung and Bronchus,545,78.67,355,52.71,0.670,649559
New Hampshire,2010,New Hampshire2010,Male,Pancreas,108,15.58,76,11.05,0.710,649559
New Hampshire,2011,New Hampshire2011,Female,Colon and Rectum,325,38.23,130,14.57,0.380,668935
New Hampshire,2011,New Hampshire2011,Female,Lung and Bronchus,556,67.01,369,43.55,0.650,668935
New Hampshire,2011,New Hampshire2011,Female,Pancreas,72,8.42,84,9.29,1.100,668935
New Hampshire,2011,New Hampshire2011,Male,Colon and Rectum,329,45.83,99,14.67,0.320,651509
New Hampshire,2011,New Hampshire2011,Male,Lung and Bronchus,542,77.03,429,62.43,0.810,651509
New Hampshire,2011,New Hampshire2011,Male,Pancreas,109,15.18,94,13.98,0.920,651509
New Hampshire,2012,New Hampshire2012,Female,Colon and Rectum,291,33.71,110,12.45,0.370,670911
New Hampshire,2012,New Hampshire2012,Female,Lung and Bronchus,543,64.36,372,43.08,0.670,670911
New Hampshire,2012,New Hampshire2012,Female,Pancreas,98,11.37,77,8.75,0.770,670911
New Hampshire,2012,New Hampshire2012,Male,Colon and Rectum,309,42.34,105,15.42,0.360,653766
New Hampshire,2012,New Hampshire2012,Male,Lung and Bronchus,506,70.55,378,52.58,0.750,653766
New Hampshire,2012,New Hampshire2012,Male,Pancreas,114,15.39,107,14.97,0.970,653766
New Hampshire,2013,New Hampshire2013,Female,Colon and Rectum,305,33.66,107,12.07,0.360,671812
New Hampshire,2013,New Hampshire2013,Female,Lung and Bronchus,575,64.56,330,37.00,0.570,671812
New Hampshire,2013,New Hampshire2013,Female,Pancreas,98,11.01,81,9.03,0.820,671812
New Hampshire,2013,New Hampshire2013,Male,Colon and Rectum,328,43.35,100,14.23,0.330,655460
New Hampshire,2013,New Hampshire2013,Male,Lung and Bronchus,539,72.00,361,49.27,0.680,655460
New Hampshire,2013,New Hampshire2013,Male,Pancreas,110,13.67,97,12.51,0.910,655460
New Hampshire,2014,New Hampshire2014,Female,Colon and Rectum,304,34.07,126,13.35,0.390,674573
New Hampshire,2014,New Hampshire2014,Female,Lung and Bronchus,556,59.97,345,37.88,0.630,674573
New Hampshire,2014,New Hampshire2014,Female,Pancreas,95,10.42,97,10.31,0.990,674573
New Hampshire,2014,New Hampshire2014,Male,Colon and Rectum,324,41.75,88,11.18,0.270,659684
New Hampshire,2014,New Hampshire2014,Male,Lung and Bronchus,530,69.27,399,52.32,0.760,659684
New Hampshire,2014,New Hampshire2014,Male,Pancreas,106,13.09,95,11.80,0.900,659684
New Hampshire,2015,New Hampshire2015,Female,Colon and Rectum,284,31.45,98,10.27,0.330,675463
New Hampshire,2015,New Hampshire2015,Female,Lung and Bronchus,583,61.99,384,40.79,0.660,675463
New Hampshire,2015,New Hampshire2015,Female,Pancreas,100,11.12,80,8.53,0.770,675463
New Hampshire,2015,New Hampshire2015,Male,Colon and Rectum,321,42.12,97,12.56,0.300,662017
New Hampshire,2015,New Hampshire2015,Male,Lung and Bronchus,562,68.52,374,46.91,0.680,662017
New Hampshire,2015,New Hampshire2015,Male,Pancreas,104,11.89,99,12.15,1.020,662017
New Hampshire,2016,New Hampshire2016,Female,Colon and Rectum,305,33.82,104,11.28,0.330,678325
New Hampshire,2016,New Hampshire2016,Female,Lung and Bronchus,623,63.85,390,40.75,0.640,678325
New Hampshire,2016,New Hampshire2016,Female,Pancreas,111,11.60,84,8.34,0.720,678325
New Hampshire,2016,New Hampshire2016,Male,Colon and Rectum,354,43.48,123,16.17,0.370,665369
New Hampshire,2016,New Hampshire2016,Male,Lung and Bronchus,552,66.73,408,50.25,0.750,665369
New Hampshire,2016,New Hampshire2016,Male,Pancreas,123,14.79,89,10.46,0.710,665369
New Hampshire,2017,New Hampshire2017,Female,Colon and Rectum,253,26.90,107,11.02,0.410,681670
New Hampshire,2017,New Hampshire2017,Female,Lung and Bronchus,626,62.76,340,35.07,0.560,681670
New Hampshire,2017,New Hampshire2017,Female,Pancreas,116,12.05,78,7.75,0.640,681670
New Hampshire,2017,New Hampshire2017,Male,Colon and Rectum,337,41.18,128,15.39,0.370,668725
New Hampshire,2017,New Hampshire2017,Male,Lung and Bronchus,560,64.91,360,43.49,0.670,668725
New Hampshire,2017,New Hampshire2017,Male,Pancreas,131,15.25,111,13.30,0.870,668725
New Hampshire,2018,New Hampshire2018,Female,Colon and Rectum,290,31.73,97,9.51,0.300,683488
New Hampshire,2018,New Hampshire2018,Female,Lung and Bronchus,595,58.50,355,34.10,0.580,683488
New Hampshire,2018,New Hampshire2018,Female,Pancreas,115,11.89,99,10.15,0.850,683488
New Hampshire,2018,New Hampshire2018,Male,Colon and Rectum,349,42.15,130,15.96,0.380,671576
New Hampshire,2018,New Hampshire2018,Male,Lung and Bronchus,560,63.86,329,38.21,0.600,671576
New Hampshire,2018,New Hampshire2018,Male,Pancreas,142,15.86,104,11.50,0.720,671576
New Hampshire,2019,New Hampshire2019,Female,Colon and Rectum,335,35.06,103,9.51,0.270,686814
New Hampshire,2019,New Hampshire2019,Female,Lung and Bronchus,647,61.11,319,30.94,0.510,686814
New Hampshire,2019,New Hampshire2019,Female,Pancreas,135,12.90,126,11.93,0.930,686814
New Hampshire,2019,New Hampshire2019,Male,Colon and Rectum,335,38.92,107,13.22,0.340,673969
New Hampshire,2019,New Hampshire2019,Male,Lung and Bronchus,598,65.74,341,38.96,0.590,673969
New Hampshire,2019,New Hampshire2019,Male,Pancreas,137,14.26,126,13.75,0.960,673969
New Hampshire,2020,New Hampshire2020,Female,Colon and Rectum,287,29.16,93,9.32,0.320,689281
New Hampshire,2020,New Hampshire2020,Female,Lung and Bronchus,554,51.11,317,29.89,0.580,689281
New Hampshire,2020,New Hampshire2020,Female,Pancreas,131,12.45,112,10.34,0.830,689281
New Hampshire,2020,New Hampshire2020,Male,Colon and Rectum,268,32.44,111,12.80,0.390,676994
New Hampshire,2020,New Hampshire2020,Male,Lung and Bronchus,533,56.35,334,36.15,0.640,676994
New Hampshire,2020,New Hampshire2020,Male,Pancreas,132,14.84,126,13.83,0.930,676994
New Jersey,2010,New Jersey2010,Female,Colon and Rectum,2230,39.35,829,13.79,0.350,4515662
New Jersey,2010,New Jersey2010,Female,Lung and Bronchus,2909,52.48,1959,34.51,0.660,4515662
New Jersey,2010,New Jersey2010,Female,Pancreas,662,11.52,590,10.12,0.880,4515662
New Jersey,2010,New Jersey2010,Male,Colon and Rectum,2158,50.53,789,19.02,0.380,4283789
New Jersey,2010,New Jersey2010,Male,Lung and Bronchus,2891,68.98,2212,53.48,0.780,4283789
New Jersey,2010,New Jersey2010,Male,Pancreas,678,15.69,566,13.38,0.850,4283789
New Jersey,2011,New Jersey2011,Female,Colon and Rectum,2239,39.17,786,13.00,0.330,4527643
New Jersey,2011,New Jersey2011,Female,Lung and Bronchus,3084,54.80,2033,35.60,0.650,4527643
New Jersey,2011,New Jersey2011,Female,Pancreas,753,13.16,586,10.13,0.770,4527643
New Jersey,2011,New Jersey2011,Male,Colon and Rectum,2145,49.07,792,18.65,0.380,4300909
New Jersey,2011,New Jersey2011,Male,Lung and Bronchus,2931,68.28,2086,49.61,0.730,4300909
New Jersey,2011,New Jersey2011,Male,Pancreas,673,15.32,607,14.06,0.920,4300909
New Jersey,2012,New Jersey2012,Female,Colon and Rectum,2229,38.49,804,13.08,0.340,4534588
New Jersey,2012,New Jersey2012,Female,Lung and Bronchus,2951,51.23,1895,32.31,0.630,4534588
New Jersey,2012,New Jersey2012,Female,Pancreas,710,12.05,615,10.28,0.850,4534588
New Jersey,2012,New Jersey2012,Male,Colon and Rectum,2157,47.84,826,18.99,0.400,4311083
New Jersey,2012,New Jersey2012,Male,Lung and Bronchus,2950,67.33,2146,49.30,0.730,4311083
New Jersey,2012,New Jersey2012,Male,Pancreas,686,15.47,560,12.61,0.820,4311083
New Jersey,2013,New Jersey2013,Female,Colon and Rectum,2139,36.55,769,12.38,0.340,4538378
New Jersey,2013,New Jersey2013,Female,Lung and Bronchus,3137,54.10,1939,32.77,0.610,4538378
New Jersey,2013,New Jersey2013,Female,Pancreas,740,12.45,604,9.95,0.800,4538378
New Jersey,2013,New Jersey2013,Male,Colon and Rectum,2190,48.22,773,17.64,0.370,4319443
New Jersey,2013,New Jersey2013,Male,Lung and Bronchus,2923,65.12,2067,46.83,0.720,4319443
New Jersey,2013,New Jersey2013,Male,Pancreas,774,17.02,615,13.70,0.800,4319443
New Jersey,2014,New Jersey2014,Female,Colon and Rectum,2193,37.05,753,11.73,0.320,4541269
New Jersey,2014,New Jersey2014,Female,Lung and Bronchus,3156,53.33,2008,33.40,0.630,4541269
New Jersey,2014,New Jersey2014,Female,Pancreas,801,13.29,640,10.30,0.770,4541269
New Jersey,2014,New Jersey2014,Male,Colon and Rectum,2227,47.58,766,16.91,0.360,4326008
New Jersey,2014,New Jersey2014,Male,Lung and Bronchus,2836,61.76,1948,43.00,0.700,4326008
New Jersey,2014,New Jersey2014,Male,Pancreas,736,15.56,564,12.13,0.780,4326008
New Jersey,2015,New Jersey2015,Female,Colon and Rectum,2073,35.19,728,11.49,0.330,4542433
New Jersey,2015,New Jersey2015,Female,Lung and Bronchus,3173,52.59,1888,30.45,0.580,4542433
New Jersey,2015,New Jersey2015,Female,Pancreas,784,12.83,639,10.31,0.800,4542433
New Jersey,2015,New Jersey2015,Male,Colon and Rectum,2323,48.91,802,17.28,0.350,4327879
New Jersey,2015,New Jersey2015,Male,Lung and Bronchus,2926,62.68,1891,41.04,0.650,4327879
New Jersey,2015,New Jersey2015,Male,Pancreas,749,15.98,604,12.96,0.810,4327879
New Jersey,2016,New Jersey2016,Female,Colon and Rectum,2150,36.33,780,12.32,0.340,4541709
New Jersey,2016,New Jersey2016,Female,Lung and Bronchus,3222,52.66,1916,30.87,0.590,4541709
New Jersey,2016,New Jersey2016,Female,Pancreas,780,12.56,607,9.62,0.770,4541709
New Jersey,2016,New Jersey2016,Male,Colon and Rectum,2244,46.44,787,16.80,0.360,4331875
New Jersey,2016,New Jersey2016,Male,Lung and Bronchus,2821,59.72,1787,38.07,0.640,4331875
New Jersey,2016,New Jersey2016,Male,Pancreas,749,15.45,546,11.45,0.740,4331875
New Jersey,2017,New Jersey2017,Female,Colon and Rectum,2114,35.32,754,11.76,0.330,4547537
New Jersey,2017,New Jersey2017,Female,Lung and Bronchus,3036,48.46,1801,28.31,0.580,4547537
New Jersey,2017,New Jersey2017,Female,Pancreas,870,13.84,668,10.35,0.750,4547537
New Jersey,2017,New Jersey2017,Male,Colon and Rectum,2227,45.63,745,15.39,0.340,4340610
New Jersey,2017,New Jersey2017,Male,Lung and Bronchus,2821,57.88,1761,36.64,0.630,4340610
New Jersey,2017,New Jersey2017,Male,Pancreas,865,17.54,668,13.69,0.780,4340610
New Jersey,2018,New Jersey2018,Female,Colon and Rectum,2057,33.83,705,10.60,0.310,4547534
New Jersey,2018,New Jersey2018,Female,Lung and Bronchus,3220,50.58,1710,26.42,0.520,4547534
New Jersey,2018,New Jersey2018,Female,Pancreas,814,12.64,676,10.44,0.830,4547534
New Jersey,2018,New Jersey2018,Male,Colon and Rectum,2122,42.33,765,15.69,0.370,4344196
New Jersey,2018,New Jersey2018,Male,Lung and Bronchus,2904,58.31,1778,36.37,0.620,4344196
New Jersey,2018,New Jersey2018,Male,Pancreas,861,17.10,623,12.61,0.740,4344196
New Jersey,2019,New Jersey2019,Female,Colon and Rectum,2104,34.48,671,10.28,0.300,4545698
New Jersey,2019,New Jersey2019,Female,Lung and Bronchus,3103,47.90,1651,24.88,0.520,4545698
New Jersey,2019,New Jersey2019,Female,Pancreas,900,13.98,625,9.40,0.670,4545698
New Jersey,2019,New Jersey2019,Male,Colon and Rectum,2355,46.86,730,14.83,0.320,4345560
New Jersey,2019,New Jersey2019,Male,Lung and Bronchus,2816,55.31,1675,33.83,0.610,4345560
New Jersey,2019,New Jersey2019,Male,Pancreas,875,17.07,677,13.35,0.780,4345560
New Jersey,2020,New Jersey2020,Female,Colon and Rectum,1976,32.32,700,10.60,0.330,4539322
New Jersey,2020,New Jersey2020,Female,Lung and Bronchus,2768,42.16,1592,23.85,0.570,4539322
New Jersey,2020,New Jersey2020,Female,Pancreas,865,13.21,721,10.74,0.810,4539322
New Jersey,2020,New Jersey2020,Male,Colon and Rectum,1995,39.41,713,14.10,0.360,4343049
New Jersey,2020,New Jersey2020,Male,Lung and Bronchus,2537,48.94,1540,30.34,0.620,4343049
New Jersey,2020,New Jersey2020,Male,Pancreas,855,16.47,667,12.86,0.780,4343049
New Mexico,2010,New Mexico2010,Female,Colon and Rectum,395,32.16,129,10.43,0.320,1044296
New Mexico,2010,New Mexico2010,Female,Lung and Bronchus,449,37.00,339,27.95,0.760,1044296
New Mexico,2010,New Mexico2010,Female,Pancreas,100,8.22,94,7.64,0.930,1044296
New Mexico,2010,New Mexico2010,Male,Colon and Rectum,425,41.09,184,18.43,0.450,1020318
New Mexico,2010,New Mexico2010,Male,Lung and Bronchus,515,50.37,417,41.76,0.830,1020318
New Mexico,2010,New Mexico2010,Male,Pancreas,124,11.98,108,10.79,0.900,1020318
New Mexico,2011,New Mexico2011,Female,Colon and Rectum,384,30.99,152,12.11,0.390,1052390
New Mexico,2011,New Mexico2011,Female,Lung and Bronchus,456,36.59,314,25.21,0.690,1052390
New Mexico,2011,New Mexico2011,Female,Pancreas,111,8.62,109,8.46,0.980,1052390
New Mexico,2011,New Mexico2011,Male,Colon and Rectum,457,42.52,182,17.86,0.420,1028317
New Mexico,2011,New Mexico2011,Male,Lung and Bronchus,525,49.70,389,37.79,0.760,1028317
New Mexico,2011,New Mexico2011,Male,Pancreas,126,11.76,115,11.16,0.950,1028317
New Mexico,2012,New Mexico2012,Female,Colon and Rectum,361,29.33,147,11.35,0.390,1054817
New Mexico,2012,New Mexico2012,Female,Lung and Bronchus,464,35.85,352,27.14,0.760,1054817
New Mexico,2012,New Mexico2012,Female,Pancreas,125,9.87,97,7.53,0.760,1054817
New Mexico,2012,New Mexico2012,Male,Colon and Rectum,415,38.06,175,16.51,0.430,1032898
New Mexico,2012,New Mexico2012,Male,Lung and Bronchus,523,48.46,412,39.71,0.820,1032898
New Mexico,2012,New Mexico2012,Male,Pancreas,136,12.14,117,10.60,0.870,1032898
New Mexico,2013,New Mexico2013,Female,Colon and Rectum,358,27.73,150,11.71,0.420,1056816
New Mexico,2013,New Mexico2013,Female,Lung and Bronchus,494,37.63,344,26.03,0.690,1056816
New Mexico,2013,New Mexico2013,Female,Pancreas,143,10.70,126,9.51,0.890,1056816
New Mexico,2013,New Mexico2013,Male,Colon and Rectum,435,39.61,188,17.56,0.440,1036017
New Mexico,2013,New Mexico2013,Male,Lung and Bronchus,502,45.64,392,36.75,0.810,1036017
New Mexico,2013,New Mexico2013,Male,Pancreas,160,14.24,131,11.82,0.830,1036017
New Mexico,2014,New Mexico2014,Female,Colon and Rectum,370,28.80,144,10.97,0.380,1055167
New Mexico,2014,New Mexico2014,Female,Lung and Bronchus,466,35.08,344,25.70,0.730,1055167
New Mexico,2014,New Mexico2014,Female,Pancreas,120,8.94,101,7.65,0.860,1055167
New Mexico,2014,New Mexico2014,Male,Colon and Rectum,443,38.82,181,16.40,0.420,1035069
New Mexico,2014,New Mexico2014,Male,Lung and Bronchus,522,45.91,392,35.32,0.770,1035069
New Mexico,2014,New Mexico2014,Male,Pancreas,130,11.27,115,9.94,0.880,1035069
New Mexico,2015,New Mexico2015,Female,Colon and Rectum,409,30.69,152,11.41,0.370,1055341
New Mexico,2015,New Mexico2015,Female,Lung and Bronchus,495,35.86,370,26.99,0.750,1055341
New Mexico,2015,New Mexico2015,Female,Pancreas,158,11.96,127,9.07,0.760,1055341
New Mexico,2015,New Mexico2015,Male,Colon and Rectum,426,36.44,183,16.03,0.440,1034730
New Mexico,2015,New Mexico2015,Male,Lung and Bronchus,537,46.64,374,32.73,0.700,1034730
New Mexico,2015,New Mexico2015,Male,Pancreas,146,12.12,133,11.04,0.910,1034730
New Mexico,2016,New Mexico2016,Female,Colon and Rectum,418,31.38,131,9.70,0.310,1056516
New Mexico,2016,New Mexico2016,Female,Lung and Bronchus,463,32.95,321,23.19,0.700,1056516
New Mexico,2016,New Mexico2016,Female,Pancreas,148,10.72,125,8.72,0.810,1056516
New Mexico,2016,New Mexico2016,Male,Colon and Rectum,471,39.67,190,16.51,0.420,1036039
New Mexico,2016,New Mexico2016,Male,Lung and Bronchus,562,47.28,380,32.20,0.680,1036039
New Mexico,2016,New Mexico2016,Male,Pancreas,165,13.73,133,11.10,0.810,1036039
New Mexico,2017,New Mexico2017,Female,Colon and Rectum,415,31.18,175,12.57,0.400,1056754
New Mexico,2017,New Mexico2017,Female,Lung and Bronchus,479,33.34,308,21.63,0.650,1056754
New Mexico,2017,New Mexico2017,Female,Pancreas,124,8.57,117,7.82,0.910,1056754
New Mexico,2017,New Mexico2017,Male,Colon and Rectum,439,36.96,180,15.51,0.420,1036090
New Mexico,2017,New Mexico2017,Male,Lung and Bronchus,490,40.32,370,30.93,0.770,1036090
New Mexico,2017,New Mexico2017,Male,Pancreas,174,14.13,151,12.20,0.860,1036090
New Mexico,2018,New Mexico2018,Female,Colon and Rectum,402,29.43,135,9.52,0.320,1057418
New Mexico,2018,New Mexico2018,Female,Lung and Bronchus,476,31.87,272,17.96,0.560,1057418
New Mexico,2018,New Mexico2018,Female,Pancreas,142,9.52,107,7.07,0.740,1057418
New Mexico,2018,New Mexico2018,Male,Colon and Rectum,474,39.86,199,16.97,0.430,1036336
New Mexico,2018,New Mexico2018,Male,Lung and Bronchus,491,37.94,359,28.24,0.740,1036336
New Mexico,2018,New Mexico2018,Male,Pancreas,176,13.92,142,11.04,0.790,1036336
New Mexico,2019,New Mexico2019,Female,Colon and Rectum,360,26.52,120,8.25,0.310,1060654
New Mexico,2019,New Mexico2019,Female,Lung and Bronchus,463,30.36,287,18.67,0.620,1060654
New Mexico,2019,New Mexico2019,Female,Pancreas,171,11.32,121,7.94,0.700,1060654
New Mexico,2019,New Mexico2019,Male,Colon and Rectum,458,37.78,179,14.20,0.380,1038980
New Mexico,2019,New Mexico2019,Male,Lung and Bronchus,462,35.10,343,26.75,0.760,1038980
New Mexico,2019,New Mexico2019,Male,Pancreas,182,13.93,154,12.02,0.860,1038980
New Mexico,2020,New Mexico2020,Female,Colon and Rectum,356,25.70,164,11.24,0.440,1063860
New Mexico,2020,New Mexico2020,Female,Lung and Bronchus,387,24.71,284,17.92,0.730,1063860
New Mexico,2020,New Mexico2020,Female,Pancreas,148,9.51,148,9.23,0.970,1063860
New Mexico,2020,New Mexico2020,Male,Colon and Rectum,424,34.92,164,13.44,0.380,1042459
New Mexico,2020,New Mexico2020,Male,Lung and Bronchus,407,30.34,326,24.63,0.810,1042459
New Mexico,2020,New Mexico2020,Male,Pancreas,155,11.20,142,10.64,0.950,1042459
New York,2010,New York2010,Female,Colon and Rectum,4777,38.65,1653,12.59,0.330,10010724
New York,2010,New York2010,Female,Lung and Bronchus,6718,55.28,4418,35.76,0.650,10010724
New York,2010,New York2010,Female,Pancreas,1562,12.45,1267,9.83,0.790,10010724
New York,2010,New York2010,Male,Colon and Rectum,4664,49.80,1663,18.34,0.370,9389232
New York,2010,New York2010,Male,Lung and Bronchus,6777,72.70,4694,51.18,0.700,9389232
New York,2010,New York2010,Male,Pancreas,1454,15.58,1193,12.77,0.820,9389232
New York,2011,New York2011,Female,Colon and Rectum,4638,37.16,1670,12.55,0.340,10056851
New York,2011,New York2011,Female,Lung and Bronchus,6894,55.53,4376,34.58,0.620,10056851
New York,2011,New York2011,Female,Pancreas,1582,12.38,1293,9.94,0.800,10056851
New York,2011,New York2011,Male,Colon and Rectum,4558,48.00,1607,17.19,0.360,9443070
New York,2011,New York2011,Male,Lung and Bronchus,6928,73.03,4683,50.04,0.690,9443070
New York,2011,New York2011,Male,Pancreas,1532,15.97,1209,12.89,0.810,9443070
New York,2012,New York2012,Female,Colon and Rectum,4311,34.18,1677,12.51,0.370,10088624
New York,2012,New York2012,Female,Lung and Bronchus,6894,54.75,4326,33.97,0.620,10088624
New York,2012,New York2012,Female,Pancreas,1596,12.40,1317,10.10,0.810,10088624
New York,2012,New York2012,Male,Colon and Rectum,4506,46.20,1540,16.29,0.350,9485738
New York,2012,New York2012,Male,Lung and Bronchus,6842,70.60,4880,51.11,0.720,9485738
New York,2012,New York2012,Male,Pancreas,1551,15.98,1282,13.24,0.830,9485738
New York,2013,New York2013,Female,Colon and Rectum,4469,34.95,1569,11.44,0.330,10110966
New York,2013,New York2013,Female,Lung and Bronchus,6981,54.53,4387,33.60,0.620,10110966
New York,2013,New York2013,Female,Pancreas,1635,12.33,1320,9.84,0.800,10110966
New York,2013,New York2013,Male,Colon and Rectum,4620,46.46,1620,16.68,0.360,9515522
New York,2013,New York2013,Male,Lung and Bronchus,6825,68.79,4687,47.75,0.690,9515522
New York,2013,New York2013,Male,Pancreas,1592,15.83,1277,12.95,0.820,9515522
New York,2014,New York2014,Female,Colon and Rectum,4443,34.48,1545,11.23,0.330,10122684
New York,2014,New York2014,Female,Lung and Bronchus,6859,52.30,4101,30.88,0.590,10122684
New York,2014,New York2014,Female,Pancreas,1654,12.47,1337,9.81,0.790,10122684
New York,2014,New York2014,Male,Colon and Rectum,4627,45.50,1580,15.91,0.350,9530747
New York,2014,New York2014,Male,Lung and Bronchus,6738,66.23,4462,44.62,0.670,9530747
New York,2014,New York2014,Male,Pancreas,1666,16.21,1311,12.98,0.800,9530747
New York,2015,New York2015,Female,Colon and Rectum,4426,34.17,1540,11.05,0.320,10121136
New York,2015,New York2015,Female,Lung and Bronchus,7169,53.91,4139,30.60,0.570,10121136
New York,2015,New York2015,Female,Pancreas,1707,12.63,1296,9.34,0.740,10121136
New York,2015,New York2015,Male,Colon and Rectum,4571,44.21,1570,15.56,0.350,9536185
New York,2015,New York2015,Male,Lung and Bronchus,6974,67.34,4412,43.13,0.640,9536185
New York,2015,New York2015,Male,Pancreas,1651,15.73,1263,12.20,0.780,9536185
New York,2016,New York2016,Female,Colon and Rectum,4384,33.63,1526,10.87,0.320,10104957
New York,2016,New York2016,Female,Lung and Bronchus,7185,53.21,3939,28.59,0.540,10104957
New York,2016,New York2016,Female,Pancreas,1726,12.73,1379,9.95,0.780,10104957
New York,2016,New York2016,Male,Colon and Rectum,4693,44.76,1495,14.47,0.320,9531434
New York,2016,New York2016,Male,Lung and Bronchus,6881,64.92,4196,40.34,0.620,9531434
New York,2016,New York2016,Male,Pancreas,1738,16.39,1360,12.85,0.780,9531434
New York,2017,New York2017,Female,Colon and Rectum,4418,33.72,1592,11.26,0.330,10080806
New York,2017,New York2017,Female,Lung and Bronchus,7495,54.57,3831,27.26,0.500,10080806
New York,2017,New York2017,Female,Pancreas,1795,12.98,1410,9.94,0.770,10080806
New York,2017,New York2017,Male,Colon and Rectum,4658,43.66,1562,14.89,0.340,9513043
New York,2017,New York2017,Male,Lung and Bronchus,7071,65.42,3990,37.34,0.570,9513043
New York,2017,New York2017,Male,Pancreas,1856,17.19,1375,12.88,0.750,9513043
New York,2018,New York2018,Female,Colon and Rectum,4276,32.07,1415,10.03,0.310,10053544
New York,2018,New York2018,Female,Lung and Bronchus,7437,53.29,3770,26.42,0.500,10053544
New York,2018,New York2018,Female,Pancreas,1831,13.01,1397,9.64,0.740,10053544
New York,2018,New York2018,Male,Colon and Rectum,4552,42.29,1440,13.59,0.320,9490554
New York,2018,New York2018,Male,Lung and Bronchus,6875,62.01,3962,36.34,0.590,9490554
New York,2018,New York2018,Male,Pancreas,1785,16.14,1357,12.36,0.770,9490554
New York,2019,New York2019,Female,Colon and Rectum,4336,32.68,1372,9.32,0.290,10012065
New York,2019,New York2019,Female,Lung and Bronchus,7493,52.62,3638,24.90,0.470,10012065
New York,2019,New York2019,Female,Pancreas,1866,13.05,1385,9.50,0.730,10012065
New York,2019,New York2019,Male,Colon and Rectum,4666,42.65,1472,13.62,0.320,9451066
New York,2019,New York2019,Male,Lung and Bronchus,6814,60.15,3734,33.54,0.560,9451066
New York,2019,New York2019,Male,Pancreas,1836,16.48,1384,12.35,0.750,9451066
New York,2020,New York2020,Female,Colon and Rectum,3786,28.41,1383,9.52,0.340,9946279
New York,2020,New York2020,Female,Lung and Bronchus,6502,44.89,3364,22.87,0.510,9946279
New York,2020,New York2020,Female,Pancreas,1751,12.18,1392,9.46,0.780,9946279
New York,2020,New York2020,Male,Colon and Rectum,4195,38.16,1483,13.51,0.350,9390497
New York,2020,New York2020,Male,Lung and Bronchus,5979,52.00,3554,31.41,0.600,9390497
New York,2020,New York2020,Male,Pancreas,1832,15.95,1399,12.38,0.780,9390497
North Carolina,2010,North Carolina2010,Female,Colon and Rectum,2040,35.87,672,11.49,0.320,4904404
North Carolina,2010,North Carolina2010,Female,Lung and Bronchus,3262,56.64,2265,39.42,0.700,4904404
North Carolina,2010,North Carolina2010,Female,Pancreas,601,10.36,528,9.04,0.870,4904404
North Carolina,2010,North Carolina2010,Male,Colon and Rectum,2056,45.18,805,18.86,0.420,4670182
North Carolina,2010,North Carolina2010,Male,Lung and Bronchus,4295,94.44,3249,73.10,0.770,4670182
North Carolina,2010,North Carolina2010,Male,Pancreas,662,14.35,556,12.56,0.880,4670182
North Carolina,2011,North Carolina2011,Female,Colon and Rectum,1987,34.03,700,11.75,0.350,4952048
North Carolina,2011,North Carolina2011,Female,Lung and Bronchus,3277,55.14,2304,38.98,0.710,4952048
North Carolina,2011,North Carolina2011,Female,Pancreas,631,10.79,523,8.84,0.820,4952048
North Carolina,2011,North Carolina2011,Male,Colon and Rectum,2146,46.03,781,17.30,0.380,4706865
North Carolina,2011,North Carolina2011,Male,Lung and Bronchus,4235,91.29,3231,70.95,0.780,4706865
North Carolina,2011,North Carolina2011,Male,Pancreas,648,13.56,547,11.92,0.880,4706865
North Carolina,2012,North Carolina2012,Female,Colon and Rectum,1905,31.97,739,12.18,0.380,5001181
North Carolina,2012,North Carolina2012,Female,Lung and Bronchus,3465,56.94,2273,37.31,0.660,5001181
North Carolina,2012,North Carolina2012,Female,Pancreas,632,10.42,568,9.36,0.900,5001181
North Carolina,2012,North Carolina2012,Male,Colon and Rectum,2141,44.00,798,17.19,0.390,4750629
North Carolina,2012,North Carolina2012,Male,Lung and Bronchus,4257,87.89,3185,67.00,0.760,4750629
North Carolina,2012,North Carolina2012,Male,Pancreas,684,14.21,611,12.67,0.890,4750629
North Carolina,2013,North Carolina2013,Female,Colon and Rectum,2007,32.93,672,10.65,0.320,5050911
North Carolina,2013,North Carolina2013,Female,Lung and Bronchus,3608,57.79,2313,36.91,0.640,5050911
North Carolina,2013,North Carolina2013,Female,Pancreas,755,12.08,604,9.58,0.790,5050911
North Carolina,2013,North Carolina2013,Male,Colon and Rectum,2196,44.23,769,16.28,0.370,4795806
North Carolina,2013,North Carolina2013,Male,Lung and Bronchus,4436,89.44,3197,66.16,0.740,4795806
North Carolina,2013,North Carolina2013,Male,Pancreas,741,14.82,637,13.23,0.890,4795806
North Carolina,2014,North Carolina2014,Female,Colon and Rectum,2049,32.87,766,11.99,0.360,5099723
North Carolina,2014,North Carolina2014,Female,Lung and Bronchus,3724,57.85,2394,37.19,0.640,5099723
North Carolina,2014,North Carolina2014,Female,Pancreas,717,11.18,602,9.35,0.840,5099723
North Carolina,2014,North Carolina2014,Male,Colon and Rectum,2217,43.13,841,17.23,0.400,4837572
North Carolina,2014,North Carolina2014,Male,Lung and Bronchus,4414,85.17,3212,63.40,0.740,4837572
North Carolina,2014,North Carolina2014,Male,Pancreas,783,15.18,657,12.79,0.840,4837572
North Carolina,2015,North Carolina2015,Female,Colon and Rectum,2181,34.39,781,11.84,0.340,5150065
North Carolina,2015,North Carolina2015,Female,Lung and Bronchus,3898,58.75,2364,35.57,0.610,5150065
North Carolina,2015,North Carolina2015,Female,Pancreas,727,11.13,647,9.76,0.880,5150065
North Carolina,2015,North Carolina2015,Male,Colon and Rectum,2295,42.80,868,17.39,0.410,4887153
North Carolina,2015,North Carolina2015,Male,Lung and Bronchus,4481,83.75,3106,59.27,0.710,4887153
North Carolina,2015,North Carolina2015,Male,Pancreas,811,15.47,669,12.85,0.830,4887153
North Carolina,2016,North Carolina2016,Female,Colon and Rectum,2078,32.23,738,11.00,0.340,5215042
North Carolina,2016,North Carolina2016,Female,Lung and Bronchus,3795,55.71,2464,36.01,0.650,5215042
North Carolina,2016,North Carolina2016,Female,Pancreas,795,11.74,638,9.36,0.800,5215042
North Carolina,2016,North Carolina2016,Male,Colon and Rectum,2360,43.28,840,15.80,0.370,4946760
North Carolina,2016,North Carolina2016,Male,Lung and Bronchus,4526,82.50,3109,57.85,0.700,4946760
North Carolina,2016,North Carolina2016,Male,Pancreas,812,14.86,693,13.00,0.870,4946760
North Carolina,2017,North Carolina2017,Female,Colon and Rectum,2110,31.76,742,10.77,0.340,5274812
North Carolina,2017,North Carolina2017,Female,Lung and Bronchus,3920,55.31,2297,32.73,0.590,5274812
North Carolina,2017,North Carolina2017,Female,Pancreas,838,11.98,649,9.19,0.770,5274812
North Carolina,2017,North Carolina2017,Male,Colon and Rectum,2294,41.44,787,14.69,0.350,5000946
North Carolina,2017,North Carolina2017,Male,Lung and Bronchus,4427,77.78,2989,54.34,0.700,5000946
North Carolina,2017,North Carolina2017,Male,Pancreas,859,15.22,716,12.93,0.850,5000946
North Carolina,2018,North Carolina2018,Female,Colon and Rectum,2148,31.75,743,10.62,0.330,5336021
North Carolina,2018,North Carolina2018,Female,Lung and Bronchus,3971,54.71,2319,31.81,0.580,5336021
North Carolina,2018,North Carolina2018,Female,Pancreas,858,12.03,680,9.39,0.780,5336021
North Carolina,2018,North Carolina2018,Male,Colon and Rectum,2375,41.70,834,15.03,0.360,5055337
North Carolina,2018,North Carolina2018,Male,Lung and Bronchus,4497,76.11,2870,49.81,0.650,5055337
North Carolina,2018,North Carolina2018,Male,Pancreas,933,15.99,737,12.81,0.800,5055337
North Carolina,2019,North Carolina2019,Female,Colon and Rectum,2103,30.16,787,10.93,0.360,5393755
North Carolina,2019,North Carolina2019,Female,Lung and Bronchus,4141,55.01,2321,30.94,0.560,5393755
North Carolina,2019,North Carolina2019,Female,Pancreas,900,12.20,725,9.72,0.800,5393755
North Carolina,2019,North Carolina2019,Male,Colon and Rectum,2301,39.79,835,14.76,0.370,5107629
North Carolina,2019,North Carolina2019,Male,Lung and Bronchus,4458,73.19,2788,46.99,0.640,5107629
North Carolina,2019,North Carolina2019,Male,Pancreas,887,14.76,713,11.94,0.810,5107629
North Carolina,2020,North Carolina2020,Female,Colon and Rectum,1884,26.72,735,10.03,0.380,5448241
North Carolina,2020,North Carolina2020,Female,Lung and Bronchus,3850,49.46,2211,28.65,0.580,5448241
North Carolina,2020,North Carolina2020,Female,Pancreas,868,11.56,788,10.24,0.890,5448241
North Carolina,2020,North Carolina2020,Male,Colon and Rectum,2079,35.13,849,14.54,0.410,5152582
North Carolina,2020,North Carolina2020,Male,Lung and Bronchus,4012,63.73,2803,45.51,0.710,5152582
North Carolina,2020,North Carolina2020,Male,Pancreas,854,13.85,729,11.87,0.860,5152582
North Dakota,2010,North Dakota2010,Female,Colon and Rectum,171,39.83,65,13.21,0.330,333653
North Dakota,2010,North Dakota2010,Female,Lung and Bronchus,186,44.66,121,27.40,0.610,333653
North Dakota,2010,North Dakota2010,Female,Pancreas,37,8.64,30,6.46,0.750,333653
North Dakota,2010,North Dakota2010,Male,Colon and Rectum,195,55.47,78,22.32,0.400,341099
North Dakota,2010,North Dakota2010,Male,Lung and Bronchus,254,72.69,177,49.97,0.690,341099
North Dakota,2010,North Dakota2010,Male,Pancreas,54,14.68,44,12.30,0.840,341099
North Dakota,2011,North Dakota2011,Female,Colon and Rectum,176,39.08,57,11.91,0.300,338166
North Dakota,2011,North Dakota2011,Female,Lung and Bronchus,209,49.58,135,31.14,0.630,338166
North Dakota,2011,North Dakota2011,Female,Pancreas,54,11.42,45,9.37,0.820,338166
North Dakota,2011,North Dakota2011,Male,Colon and Rectum,193,52.56,75,21.35,0.410,347360
North Dakota,2011,North Dakota2011,Male,Lung and Bronchus,274,76.03,196,55.12,0.720,347360
North Dakota,2011,North Dakota2011,Male,Pancreas,45,12.38,54,14.56,1.180,347360
North Dakota,2012,North Dakota2012,Female,Colon and Rectum,178,40.69,64,12.89,0.320,345038
North Dakota,2012,North Dakota2012,Female,Lung and Bronchus,210,48.27,149,33.91,0.700,345038
North Dakota,2012,North Dakota2012,Female,Pancreas,46,9.76,45,8.96,0.920,345038
North Dakota,2012,North Dakota2012,Male,Colon and Rectum,230,62.61,48,13.20,0.210,357189
North Dakota,2012,North Dakota2012,Male,Lung and Bronchus,276,74.28,199,54.81,0.740,357189
North Dakota,2012,North Dakota2012,Male,Pancreas,51,14.29,44,12.37,0.870,357189
North Dakota,2013,North Dakota2013,Female,Colon and Rectum,194,44.47,65,13.20,0.300,353821
North Dakota,2013,North Dakota2013,Female,Lung and Bronchus,221,52.26,131,29.88,0.570,353821
North Dakota,2013,North Dakota2013,Female,Pancreas,47,10.51,36,7.54,0.720,353821
North Dakota,2013,North Dakota2013,Male,Colon and Rectum,198,51.95,70,18.24,0.350,369328
North Dakota,2013,North Dakota2013,Male,Lung and Bronchus,253,66.77,213,56.06,0.840,369328
North Dakota,2013,North Dakota2013,Male,Pancreas,50,13.22,42,11.02,0.830,369328
North Dakota,2014,North Dakota2014,Female,Colon and Rectum,170,38.41,71,14.54,0.380,360130
North Dakota,2014,North Dakota2014,Female,Lung and Bronchus,242,54.23,157,34.54,0.640,360130
North Dakota,2014,North Dakota2014,Female,Pancreas,41,9.13,34,7.02,0.770,360130
North Dakota,2014,North Dakota2014,Male,Colon and Rectum,194,49.64,53,14.66,0.300,378606
North Dakota,2014,North Dakota2014,Male,Lung and Bronchus,268,69.24,169,44.51,0.640,378606
North Dakota,2014,North Dakota2014,Male,Pancreas,57,14.88,42,10.57,0.710,378606
North Dakota,2015,North Dakota2015,Female,Colon and Rectum,154,34.80,39,7.68,0.220,367405
North Dakota,2015,North Dakota2015,Female,Lung and Bronchus,227,51.81,128,27.36,0.530,367405
North Dakota,2015,North Dakota2015,Female,Pancreas,51,10.97,52,10.55,0.960,367405
North Dakota,2015,North Dakota2015,Male,Colon and Rectum,214,54.30,71,17.48,0.320,388132
North Dakota,2015,North Dakota2015,Male,Lung and Bronchus,239,59.82,163,43.29,0.720,388132
North Dakota,2015,North Dakota2015,Male,Pancreas,55,13.93,53,13.36,0.960,388132
North Dakota,2016,North Dakota2016,Female,Colon and Rectum,148,32.90,55,11.43,0.350,368008
North Dakota,2016,North Dakota2016,Female,Lung and Bronchus,224,50.86,143,30.91,0.610,368008
North Dakota,2016,North Dakota2016,Female,Pancreas,56,12.63,40,8.16,0.650,368008
North Dakota,2016,North Dakota2016,Male,Colon and Rectum,192,47.60,66,17.58,0.370,388106
North Dakota,2016,North Dakota2016,Male,Lung and Bronchus,251,61.47,161,38.94,0.630,388106
North Dakota,2016,North Dakota2016,Male,Pancreas,56,14.09,38,9.12,0.650,388106
North Dakota,2017,North Dakota2017,Female,Colon and Rectum,188,43.58,46,8.39,0.190,369032
North Dakota,2017,North Dakota2017,Female,Lung and Bronchus,243,53.90,125,26.42,0.490,369032
North Dakota,2017,North Dakota2017,Female,Pancreas,45,9.03,40,8.24,0.910,369032
North Dakota,2017,North Dakota2017,Male,Colon and Rectum,176,42.31,55,14.00,0.330,387723
North Dakota,2017,North Dakota2017,Male,Lung and Bronchus,288,71.41,185,45.32,0.630,387723
North Dakota,2017,North Dakota2017,Male,Pancreas,60,14.57,64,16.16,1.110,387723
North Dakota,2018,North Dakota2018,Female,Colon and Rectum,137,28.84,45,8.68,0.300,370951
North Dakota,2018,North Dakota2018,Female,Lung and Bronchus,265,57.26,130,28.47,0.500,370951
North Dakota,2018,North Dakota2018,Female,Pancreas,47,9.92,50,9.81,0.990,370951
North Dakota,2018,North Dakota2018,Male,Colon and Rectum,190,47.40,71,18.09,0.380,389111
North Dakota,2018,North Dakota2018,Male,Lung and Bronchus,269,63.32,162,38.99,0.620,389111
North Dakota,2018,North Dakota2018,Male,Pancreas,63,14.87,57,13.67,0.920,389111
North Dakota,2019,North Dakota2019,Female,Colon and Rectum,158,36.55,60,12.34,0.340,372678
North Dakota,2019,North Dakota2019,Female,Lung and Bronchus,261,54.68,144,27.90,0.510,372678
North Dakota,2019,North Dakota2019,Female,Pancreas,49,10.54,41,8.15,0.770,372678
North Dakota,2019,North Dakota2019,Male,Colon and Rectum,176,42.47,78,18.22,0.430,391046
North Dakota,2019,North Dakota2019,Male,Lung and Bronchus,243,54.80,173,39.96,0.730,391046
North Dakota,2019,North Dakota2019,Male,Pancreas,49,10.75,43,9.78,0.910,391046
North Dakota,2020,North Dakota2020,Female,Colon and Rectum,132,27.87,60,11.18,0.400,373494
North Dakota,2020,North Dakota2020,Female,Lung and Bronchus,235,47.90,133,26.91,0.560,373494
North Dakota,2020,North Dakota2020,Female,Pancreas,51,10.58,53,10.91,1.030,373494
North Dakota,2020,North Dakota2020,Male,Colon and Rectum,170,40.35,57,13.71,0.340,391815
North Dakota,2020,North Dakota2020,Male,Lung and Bronchus,237,53.96,149,33.72,0.630,391815
North Dakota,2020,North Dakota2020,Male,Pancreas,52,11.12,53,11.99,1.080,391815
Ohio,2010,Ohio2010,Female,Colon and Rectum,2722,36.44,1118,14.28,0.390,5905286
Ohio,2010,Ohio2010,Female,Lung and Bronchus,4489,60.66,3224,42.83,0.710,5905286
Ohio,2010,Ohio2010,Female,Pancreas,852,11.25,774,10.18,0.900,5905286
Ohio,2010,Ohio2010,Male,Colon and Rectum,2884,49.17,1193,21.12,0.430,5634163
Ohio,2010,Ohio2010,Male,Lung and Bronchus,5278,89.10,4121,70.88,0.800,5634163
Ohio,2010,Ohio2010,Male,Pancreas,856,14.35,769,13.20,0.920,5634163
Ohio,2011,Ohio2011,Female,Colon and Rectum,2737,36.33,1082,13.67,0.380,5906025
Ohio,2011,Ohio2011,Female,Lung and Bronchus,4510,60.50,3293,43.53,0.720,5906025
Ohio,2011,Ohio2011,Female,Pancreas,838,10.92,760,9.78,0.900,5906025
Ohio,2011,Ohio2011,Male,Colon and Rectum,2975,50.05,1171,20.17,0.400,5639710
Ohio,2011,Ohio2011,Male,Lung and Bronchus,5317,88.37,4109,69.28,0.780,5639710
Ohio,2011,Ohio2011,Male,Pancreas,816,13.45,795,13.41,1.000,5639710
Ohio,2012,Ohio2012,Female,Colon and Rectum,2706,35.62,1049,13.06,0.370,5904138
Ohio,2012,Ohio2012,Female,Lung and Bronchus,4509,59.36,3440,44.59,0.750,5904138
Ohio,2012,Ohio2012,Female,Pancreas,898,11.34,795,10.01,0.880,5904138
Ohio,2012,Ohio2012,Male,Colon and Rectum,2903,47.54,1198,20.21,0.430,5646833
Ohio,2012,Ohio2012,Male,Lung and Bronchus,5186,84.02,4085,67.38,0.800,5646833
Ohio,2012,Ohio2012,Male,Pancreas,906,14.65,861,14.06,0.960,5646833
Ohio,2013,Ohio2013,Female,Colon and Rectum,2745,35.55,1077,13.33,0.370,5914624
Ohio,2013,Ohio2013,Female,Lung and Bronchus,4639,59.85,3337,42.69,0.710,5914624
Ohio,2013,Ohio2013,Female,Pancreas,922,11.60,819,10.19,0.880,5914624
Ohio,2013,Ohio2013,Male,Colon and Rectum,2987,47.96,1181,19.75,0.410,5665068
Ohio,2013,Ohio2013,Male,Lung and Bronchus,5159,82.11,3921,63.15,0.770,5665068
Ohio,2013,Ohio2013,Male,Pancreas,886,13.94,742,11.97,0.860,5665068
Ohio,2014,Ohio2014,Female,Colon and Rectum,2882,37.30,1120,13.74,0.370,5925788
Ohio,2014,Ohio2014,Female,Lung and Bronchus,4674,59.63,3176,39.87,0.670,5925788
Ohio,2014,Ohio2014,Female,Pancreas,944,11.66,811,9.89,0.850,5925788
Ohio,2014,Ohio2014,Male,Colon and Rectum,3047,48.09,1127,18.01,0.370,5680785
Ohio,2014,Ohio2014,Male,Lung and Bronchus,5380,83.20,3980,62.59,0.750,5680785
Ohio,2014,Ohio2014,Male,Pancreas,958,14.90,882,13.86,0.930,5680785
Ohio,2015,Ohio2015,Female,Colon and Rectum,2916,37.95,1055,13.00,0.340,5931200
Ohio,2015,Ohio2015,Female,Lung and Bronchus,4887,61.26,3221,39.79,0.650,5931200
Ohio,2015,Ohio2015,Female,Pancreas,1017,12.62,914,11.07,0.880,5931200
Ohio,2015,Ohio2015,Male,Colon and Rectum,3180,49.26,1114,17.78,0.360,5691115
Ohio,2015,Ohio2015,Male,Lung and Bronchus,5409,82.57,3972,61.12,0.740,5691115
Ohio,2015,Ohio2015,Male,Pancreas,971,14.89,856,13.37,0.900,5691115
Ohio,2016,Ohio2016,Female,Colon and Rectum,2836,36.31,1077,12.91,0.360,5937561
Ohio,2016,Ohio2016,Female,Lung and Bronchus,4740,58.54,3183,38.78,0.660,5937561
Ohio,2016,Ohio2016,Female,Pancreas,955,11.61,884,10.53,0.910,5937561
Ohio,2016,Ohio2016,Male,Colon and Rectum,3014,46.65,1184,18.64,0.400,5702499
Ohio,2016,Ohio2016,Male,Lung and Bronchus,5347,79.61,3922,59.66,0.750,5702499
Ohio,2016,Ohio2016,Male,Pancreas,949,14.18,830,12.70,0.900,5702499
Ohio,2017,Ohio2017,Female,Colon and Rectum,2838,35.99,1065,12.72,0.350,5949075
Ohio,2017,Ohio2017,Female,Lung and Bronchus,4741,57.13,3027,36.26,0.630,5949075
Ohio,2017,Ohio2017,Female,Pancreas,944,11.36,890,10.38,0.910,5949075
Ohio,2017,Ohio2017,Male,Colon and Rectum,3031,45.56,1141,17.78,0.390,5716631
Ohio,2017,Ohio2017,Male,Lung and Bronchus,5350,77.96,3769,55.88,0.720,5716631
Ohio,2017,Ohio2017,Male,Pancreas,1085,16.04,964,14.39,0.900,5716631
Ohio,2018,Ohio2018,Female,Colon and Rectum,2855,35.77,1033,12.38,0.350,5956223
Ohio,2018,Ohio2018,Female,Lung and Bronchus,5020,59.64,3003,35.19,0.590,5956223
Ohio,2018,Ohio2018,Female,Pancreas,1062,12.53,935,10.90,0.870,5956223
Ohio,2018,Ohio2018,Male,Colon and Rectum,3134,47.18,1150,17.56,0.370,5724669
Ohio,2018,Ohio2018,Male,Lung and Bronchus,5368,76.61,3663,53.00,0.690,5724669
Ohio,2018,Ohio2018,Male,Pancreas,1230,17.79,978,14.27,0.800,5724669
Ohio,2019,Ohio2019,Female,Colon and Rectum,2642,32.95,978,11.31,0.340,5962634
Ohio,2019,Ohio2019,Female,Lung and Bronchus,5121,59.44,2976,34.21,0.580,5962634
Ohio,2019,Ohio2019,Female,Pancreas,1052,12.24,961,11.03,0.900,5962634
Ohio,2019,Ohio2019,Male,Colon and Rectum,3054,44.80,1140,16.92,0.380,5733873
Ohio,2019,Ohio2019,Male,Lung and Bronchus,5348,74.61,3473,49.92,0.670,5733873
Ohio,2019,Ohio2019,Male,Pancreas,1164,16.48,1044,14.65,0.890,5733873
Ohio,2020,Ohio2020,Female,Colon and Rectum,2429,30.40,997,11.50,0.380,5960556
Ohio,2020,Ohio2020,Female,Lung and Bronchus,4474,50.96,2833,31.95,0.630,5960556
Ohio,2020,Ohio2020,Female,Pancreas,985,11.34,878,9.94,0.880,5960556
Ohio,2020,Ohio2020,Male,Colon and Rectum,2742,40.33,1125,16.44,0.410,5732661
Ohio,2020,Ohio2020,Male,Lung and Bronchus,4802,65.74,3397,47.44,0.720,5732661
Ohio,2020,Ohio2020,Male,Pancreas,1118,15.35,986,13.88,0.900,5732661
Oklahoma,2010,Oklahoma2010,Female,Colon and Rectum,831,37.13,302,13.20,0.360,1899677
Oklahoma,2010,Oklahoma2010,Female,Lung and Bronchus,1315,57.95,1012,44.12,0.760,1899677
Oklahoma,2010,Oklahoma2010,Female,Pancreas,219,9.57,229,9.86,1.030,1899677
Oklahoma,2010,Oklahoma2010,Male,Colon and Rectum,895,48.38,364,20.58,0.430,1860337
Oklahoma,2010,Oklahoma2010,Male,Lung and Bronchus,1631,86.87,1390,75.94,0.870,1860337
Oklahoma,2010,Oklahoma2010,Male,Pancreas,267,14.42,249,13.31,0.920,1860337
Oklahoma,2011,Oklahoma2011,Female,Colon and Rectum,847,37.28,313,13.28,0.360,1914243
Oklahoma,2011,Oklahoma2011,Female,Lung and Bronchus,1386,60.58,1086,47.15,0.780,1914243
Oklahoma,2011,Oklahoma2011,Female,Pancreas,269,11.77,232,9.87,0.840,1914243
Oklahoma,2011,Oklahoma2011,Male,Colon and Rectum,915,48.42,387,21.01,0.430,1874581
Oklahoma,2011,Oklahoma2011,Male,Lung and Bronchus,1698,89.19,1415,75.71,0.850,1874581
Oklahoma,2011,Oklahoma2011,Male,Pancreas,242,12.79,225,12.03,0.940,1874581
Oklahoma,2012,Oklahoma2012,Female,Colon and Rectum,878,38.71,360,15.16,0.390,1928266
Oklahoma,2012,Oklahoma2012,Female,Lung and Bronchus,1359,57.89,1033,43.94,0.760,1928266
Oklahoma,2012,Oklahoma2012,Female,Pancreas,260,11.08,242,10.42,0.940,1928266
Oklahoma,2012,Oklahoma2012,Male,Colon and Rectum,952,49.19,388,20.90,0.420,1891054
Oklahoma,2012,Oklahoma2012,Male,Lung and Bronchus,1703,88.06,1347,70.45,0.800,1891054
Oklahoma,2012,Oklahoma2012,Male,Pancreas,288,15.01,221,11.85,0.790,1891054
Oklahoma,2013,Oklahoma2013,Female,Colon and Rectum,862,36.90,347,14.35,0.390,1944887
Oklahoma,2013,Oklahoma2013,Female,Lung and Bronchus,1399,58.95,1096,46.08,0.780,1944887
Oklahoma,2013,Oklahoma2013,Female,Pancreas,243,10.09,238,9.82,0.970,1944887
Oklahoma,2013,Oklahoma2013,Male,Colon and Rectum,1010,51.12,399,20.70,0.400,1909004
Oklahoma,2013,Oklahoma2013,Male,Lung and Bronchus,1732,86.29,1394,70.86,0.820,1909004
Oklahoma,2013,Oklahoma2013,Male,Pancreas,245,12.38,251,12.91,1.040,1909004
Oklahoma,2014,Oklahoma2014,Female,Colon and Rectum,818,34.87,316,13.11,0.380,1957329
Oklahoma,2014,Oklahoma2014,Female,Lung and Bronchus,1460,59.98,1061,43.46,0.720,1957329
Oklahoma,2014,Oklahoma2014,Female,Pancreas,277,11.49,234,9.49,0.830,1957329
Oklahoma,2014,Oklahoma2014,Male,Colon and Rectum,949,47.32,396,20.15,0.430,1921858
Oklahoma,2014,Oklahoma2014,Male,Lung and Bronchus,1774,87.46,1312,65.56,0.750,1921858
Oklahoma,2014,Oklahoma2014,Male,Pancreas,267,13.07,242,11.89,0.910,1921858
Oklahoma,2015,Oklahoma2015,Female,Colon and Rectum,898,37.96,361,14.57,0.380,1972948
Oklahoma,2015,Oklahoma2015,Female,Lung and Bronchus,1466,58.67,1064,42.86,0.730,1972948
Oklahoma,2015,Oklahoma2015,Female,Pancreas,250,10.26,231,9.18,0.890,1972948
Oklahoma,2015,Oklahoma2015,Male,Colon and Rectum,958,46.95,442,21.86,0.470,1937570
Oklahoma,2015,Oklahoma2015,Male,Lung and Bronchus,1733,83.06,1395,68.47,0.820,1937570
Oklahoma,2015,Oklahoma2015,Male,Pancreas,284,13.72,262,12.78,0.930,1937570
Oklahoma,2016,Oklahoma2016,Female,Colon and Rectum,860,35.97,334,13.70,0.380,1982104
Oklahoma,2016,Oklahoma2016,Female,Lung and Bronchus,1387,55.06,1019,40.49,0.740,1982104
Oklahoma,2016,Oklahoma2016,Female,Pancreas,251,10.07,239,9.54,0.950,1982104
Oklahoma,2016,Oklahoma2016,Male,Colon and Rectum,1052,50.62,423,20.97,0.410,1946039
Oklahoma,2016,Oklahoma2016,Male,Lung and Bronchus,1620,75.75,1281,60.95,0.800,1946039
Oklahoma,2016,Oklahoma2016,Male,Pancreas,254,11.98,275,13.16,1.100,1946039
Oklahoma,2017,Oklahoma2017,Female,Colon and Rectum,876,36.27,342,13.63,0.380,1984912
Oklahoma,2017,Oklahoma2017,Female,Lung and Bronchus,1422,55.63,944,37.12,0.670,1984912
Oklahoma,2017,Oklahoma2017,Female,Pancreas,294,11.35,259,10.11,0.890,1984912
Oklahoma,2017,Oklahoma2017,Male,Colon and Rectum,990,47.20,424,20.63,0.440,1948690
Oklahoma,2017,Oklahoma2017,Male,Lung and Bronchus,1614,73.37,1266,59.36,0.810,1948690
Oklahoma,2017,Oklahoma2017,Male,Pancreas,266,12.67,259,12.30,0.970,1948690
Oklahoma,2018,Oklahoma2018,Female,Colon and Rectum,853,34.63,334,13.31,0.380,1990175
Oklahoma,2018,Oklahoma2018,Female,Lung and Bronchus,1554,59.23,1021,38.61,0.650,1990175
Oklahoma,2018,Oklahoma2018,Female,Pancreas,255,9.91,246,9.32,0.940,1990175
Oklahoma,2018,Oklahoma2018,Male,Colon and Rectum,1013,47.89,399,18.96,0.400,1953313
Oklahoma,2018,Oklahoma2018,Male,Lung and Bronchus,1671,75.66,1253,57.23,0.760,1953313
Oklahoma,2018,Oklahoma2018,Male,Pancreas,333,15.23,295,13.57,0.890,1953313
Oklahoma,2019,Oklahoma2019,Female,Colon and Rectum,863,34.71,339,13.09,0.380,1999160
Oklahoma,2019,Oklahoma2019,Female,Lung and Bronchus,1547,58.25,1016,37.91,0.650,1999160
Oklahoma,2019,Oklahoma2019,Female,Pancreas,300,10.96,257,9.45,0.860,1999160
Oklahoma,2019,Oklahoma2019,Male,Colon and Rectum,980,44.84,381,17.87,0.400,1961516
Oklahoma,2019,Oklahoma2019,Male,Lung and Bronchus,1732,77.08,1266,57.43,0.750,1961516
Oklahoma,2019,Oklahoma2019,Male,Pancreas,321,14.09,283,12.63,0.900,1961516
Oklahoma,2020,Oklahoma2020,Female,Colon and Rectum,723,28.94,365,14.02,0.480,2009602
Oklahoma,2020,Oklahoma2020,Female,Lung and Bronchus,1341,49.21,1006,37.00,0.750,2009602
Oklahoma,2020,Oklahoma2020,Female,Pancreas,294,11.10,270,9.91,0.890,2009602
Oklahoma,2020,Oklahoma2020,Male,Colon and Rectum,890,40.75,429,19.52,0.480,1971181
Oklahoma,2020,Oklahoma2020,Male,Lung and Bronchus,1484,63.75,1152,50.45,0.790,1971181
Oklahoma,2020,Oklahoma2020,Male,Pancreas,320,14.04,281,12.35,0.880,1971181
Oregon,2010,Oregon2010,Female,Colon and Rectum,830,34.94,304,12.20,0.350,1938491
Oregon,2010,Oregon2010,Female,Lung and Bronchus,1300,54.51,987,41.19,0.760,1938491
Oregon,2010,Oregon2010,Female,Pancreas,255,10.63,237,9.61,0.900,1938491
Oregon,2010,Oregon2010,Male,Colon and Rectum,832,41.69,341,17.44,0.420,1899123
Oregon,2010,Oregon2010,Male,Lung and Bronchus,1318,65.45,1079,54.88,0.840,1899123
Oregon,2010,Oregon2010,Male,Pancreas,262,12.86,261,13.12,1.020,1899123
Oregon,2011,Oregon2011,Female,Colon and Rectum,758,31.11,352,13.93,0.450,1956689
Oregon,2011,Oregon2011,Female,Lung and Bronchus,1421,58.67,1005,41.31,0.700,1956689
Oregon,2011,Oregon2011,Female,Pancreas,272,11.03,250,9.91,0.900,1956689
Oregon,2011,Oregon2011,Male,Colon and Rectum,897,43.74,358,17.95,0.410,1915983
Oregon,2011,Oregon2011,Male,Lung and Bronchus,1370,67.25,1058,52.42,0.780,1915983
Oregon,2011,Oregon2011,Male,Pancreas,282,13.61,255,12.32,0.910,1915983
Oregon,2012,Oregon2012,Female,Colon and Rectum,758,30.94,300,11.81,0.380,1969955
Oregon,2012,Oregon2012,Female,Lung and Bronchus,1375,54.82,1003,39.83,0.730,1969955
Oregon,2012,Oregon2012,Female,Pancreas,259,10.51,241,9.67,0.920,1969955
Oregon,2012,Oregon2012,Male,Colon and Rectum,893,42.38,332,16.24,0.380,1930147
Oregon,2012,Oregon2012,Male,Lung and Bronchus,1337,63.47,1101,53.06,0.840,1930147
Oregon,2012,Oregon2012,Male,Pancreas,302,13.63,279,12.97,0.950,1930147
Oregon,2013,Oregon2013,Female,Colon and Rectum,801,31.95,332,12.77,0.400,1982002
Oregon,2013,Oregon2013,Female,Lung and Bronchus,1371,53.84,968,37.54,0.700,1982002
Oregon,2013,Oregon2013,Female,Pancreas,301,11.72,222,8.58,0.730,1982002
Oregon,2013,Oregon2013,Male,Colon and Rectum,886,41.14,338,15.94,0.390,1942108
Oregon,2013,Oregon2013,Male,Lung and Bronchus,1433,65.83,1040,48.81,0.740,1942108
Oregon,2013,Oregon2013,Male,Pancreas,320,14.27,242,10.95,0.770,1942108
Oregon,2014,Oregon2014,Female,Colon and Rectum,823,31.98,280,10.67,0.330,2002391
Oregon,2014,Oregon2014,Female,Lung and Bronchus,1393,53.20,967,36.74,0.690,2002391
Oregon,2014,Oregon2014,Female,Pancreas,326,12.33,271,10.27,0.830,2002391
Oregon,2014,Oregon2014,Male,Colon and Rectum,885,39.60,334,15.86,0.400,1963056
Oregon,2014,Oregon2014,Male,Lung and Bronchus,1382,61.51,1013,45.56,0.740,1963056
Oregon,2014,Oregon2014,Male,Pancreas,353,15.79,299,13.49,0.850,1963056
Oregon,2015,Oregon2015,Female,Colon and Rectum,813,31.59,319,11.51,0.360,2028279
Oregon,2015,Oregon2015,Female,Lung and Bronchus,1401,52.01,957,35.18,0.680,2028279
Oregon,2015,Oregon2015,Female,Pancreas,316,11.67,290,10.45,0.900,2028279
Oregon,2015,Oregon2015,Male,Colon and Rectum,911,39.64,336,14.84,0.370,1990263
Oregon,2015,Oregon2015,Male,Lung and Bronchus,1430,61.30,1001,43.76,0.710,1990263
Oregon,2015,Oregon2015,Male,Pancreas,385,16.58,348,15.16,0.910,1990263
Oregon,2016,Oregon2016,Female,Colon and Rectum,828,31.35,300,11.06,0.350,2065178
Oregon,2016,Oregon2016,Female,Lung and Bronchus,1401,50.30,906,32.34,0.640,2065178
Oregon,2016,Oregon2016,Female,Pancreas,315,11.31,272,9.82,0.870,2065178
Oregon,2016,Oregon2016,Male,Colon and Rectum,864,37.27,359,15.75,0.420,2028093
Oregon,2016,Oregon2016,Male,Lung and Bronchus,1395,58.18,985,42.01,0.720,2028093
Oregon,2016,Oregon2016,Male,Pancreas,349,14.38,324,13.59,0.950,2028093
Oregon,2017,Oregon2017,Female,Colon and Rectum,806,29.61,311,11.03,0.370,2091485
Oregon,2017,Oregon2017,Female,Lung and Bronchus,1494,51.33,943,32.83,0.640,2091485
Oregon,2017,Oregon2017,Female,Pancreas,357,12.64,314,11.20,0.890,2091485
Oregon,2017,Oregon2017,Male,Colon and Rectum,995,41.27,324,13.74,0.330,2055809
Oregon,2017,Oregon2017,Male,Lung and Bronchus,1378,54.98,922,37.97,0.690,2055809
Oregon,2017,Oregon2017,Male,Pancreas,391,15.63,326,13.30,0.850,2055809
Oregon,2018,Oregon2018,Female,Colon and Rectum,811,29.45,315,10.68,0.360,2109387
Oregon,2018,Oregon2018,Female,Lung and Bronchus,1452,48.95,901,30.43,0.620,2109387
Oregon,2018,Oregon2018,Female,Pancreas,323,10.92,287,9.73,0.890,2109387
Oregon,2018,Oregon2018,Male,Colon and Rectum,879,35.79,341,14.25,0.400,2074151
Oregon,2018,Oregon2018,Male,Lung and Bronchus,1330,51.78,909,35.98,0.690,2074151
Oregon,2018,Oregon2018,Male,Pancreas,383,14.67,332,13.00,0.890,2074151
Oregon,2019,Oregon2019,Female,Colon and Rectum,795,29.20,332,11.20,0.380,2126006
Oregon,2019,Oregon2019,Female,Lung and Bronchus,1409,45.63,895,29.03,0.640,2126006
Oregon,2019,Oregon2019,Female,Pancreas,332,10.89,288,9.54,0.880,2126006
Oregon,2019,Oregon2019,Male,Colon and Rectum,947,38.31,337,13.60,0.350,2090110
Oregon,2019,Oregon2019,Male,Lung and Bronchus,1388,52.28,886,34.10,0.650,2090110
Oregon,2019,Oregon2019,Male,Pancreas,342,13.14,320,12.11,0.920,2090110
Oregon,2020,Oregon2020,Female,Colon and Rectum,732,26.04,276,9.07,0.350,2139046
Oregon,2020,Oregon2020,Female,Lung and Bronchus,1265,39.99,885,27.73,0.690,2139046
Oregon,2020,Oregon2020,Female,Pancreas,355,11.99,307,9.80,0.820,2139046
Oregon,2020,Oregon2020,Male,Colon and Rectum,791,31.84,342,13.72,0.430,2102461
Oregon,2020,Oregon2020,Male,Lung and Bronchus,1167,43.35,905,34.34,0.790,2102461
Oregon,2020,Oregon2020,Male,Pancreas,367,13.93,320,12.35,0.890,2102461
Pennsylvania,2010,Pennsylvania2010,Female,Colon and Rectum,3502,38.91,1393,14.44,0.370,6515318
Pennsylvania,2010,Pennsylvania2010,Female,Lung and Bronchus,5000,56.98,3453,38.38,0.670,6515318
Pennsylvania,2010,Pennsylvania2010,Female,Pancreas,1102,11.96,960,10.08,0.840,6515318
Pennsylvania,2010,Pennsylvania2010,Male,Colon and Rectum,3524,51.63,1379,20.24,0.390,6196088
Pennsylvania,2010,Pennsylvania2010,Male,Lung and Bronchus,5659,81.71,4340,63.35,0.780,6196088
Pennsylvania,2010,Pennsylvania2010,Male,Pancreas,1069,15.25,932,13.50,0.890,6196088
Pennsylvania,2011,Pennsylvania2011,Female,Colon and Rectum,3474,38.83,1297,13.37,0.340,6528781
Pennsylvania,2011,Pennsylvania2011,Female,Lung and Bronchus,5017,56.85,3526,38.69,0.680,6528781
Pennsylvania,2011,Pennsylvania2011,Female,Pancreas,1147,12.35,991,10.43,0.840,6528781
Pennsylvania,2011,Pennsylvania2011,Male,Colon and Rectum,3659,52.38,1304,19.14,0.370,6218271
Pennsylvania,2011,Pennsylvania2011,Male,Lung and Bronchus,5751,81.83,4164,59.84,0.730,6218271
Pennsylvania,2011,Pennsylvania2011,Male,Pancreas,1105,15.69,953,13.66,0.870,6218271
Pennsylvania,2012,Pennsylvania2012,Female,Colon and Rectum,3399,37.84,1327,13.68,0.360,6533444
Pennsylvania,2012,Pennsylvania2012,Female,Lung and Bronchus,4984,55.40,3442,37.23,0.670,6533444
Pennsylvania,2012,Pennsylvania2012,Female,Pancreas,1080,11.44,983,10.12,0.880,6533444
Pennsylvania,2012,Pennsylvania2012,Male,Colon and Rectum,3533,49.40,1314,18.76,0.380,6235679
Pennsylvania,2012,Pennsylvania2012,Male,Lung and Bronchus,5590,78.13,4270,60.01,0.770,6235679
Pennsylvania,2012,Pennsylvania2012,Male,Pancreas,1119,15.52,964,13.48,0.870,6235679
Pennsylvania,2013,Pennsylvania2013,Female,Colon and Rectum,3388,37.13,1344,13.57,0.370,6532794
Pennsylvania,2013,Pennsylvania2013,Female,Lung and Bronchus,5125,56.68,3371,36.16,0.640,6532794
Pennsylvania,2013,Pennsylvania2013,Female,Pancreas,1083,11.58,920,9.50,0.820,6532794
Pennsylvania,2013,Pennsylvania2013,Male,Colon and Rectum,3599,49.87,1313,18.59,0.370,6246744
Pennsylvania,2013,Pennsylvania2013,Male,Lung and Bronchus,5651,76.83,4165,57.44,0.750,6246744
Pennsylvania,2013,Pennsylvania2013,Male,Pancreas,1164,15.93,948,13.03,0.820,6246744
Pennsylvania,2014,Pennsylvania2014,Female,Colon and Rectum,3254,35.56,1252,12.64,0.360,6536769
Pennsylvania,2014,Pennsylvania2014,Female,Lung and Bronchus,5198,56.12,3351,35.36,0.630,6536769
Pennsylvania,2014,Pennsylvania2014,Female,Pancreas,1167,12.19,984,9.97,0.820,6536769
Pennsylvania,2014,Pennsylvania2014,Male,Colon and Rectum,3487,47.45,1294,17.88,0.380,6255623
Pennsylvania,2014,Pennsylvania2014,Male,Lung and Bronchus,5584,74.63,4075,55.10,0.740,6255623
Pennsylvania,2014,Pennsylvania2014,Male,Pancreas,1226,16.44,1062,14.41,0.880,6255623
Pennsylvania,2015,Pennsylvania2015,Female,Colon and Rectum,3281,36.15,1273,12.94,0.360,6531011
Pennsylvania,2015,Pennsylvania2015,Female,Lung and Bronchus,5365,57.34,3383,35.31,0.620,6531011
Pennsylvania,2015,Pennsylvania2015,Female,Pancreas,1203,12.62,1024,10.44,0.830,6531011
Pennsylvania,2015,Pennsylvania2015,Male,Colon and Rectum,3653,49.69,1299,17.77,0.360,6258827
Pennsylvania,2015,Pennsylvania2015,Male,Lung and Bronchus,5566,73.29,4025,53.62,0.730,6258827
Pennsylvania,2015,Pennsylvania2015,Male,Pancreas,1357,17.84,1072,14.15,0.790,6258827
Pennsylvania,2016,Pennsylvania2016,Female,Colon and Rectum,3295,36.13,1200,12.15,0.340,6527015
Pennsylvania,2016,Pennsylvania2016,Female,Lung and Bronchus,5334,56.21,3326,34.08,0.610,6527015
Pennsylvania,2016,Pennsylvania2016,Female,Pancreas,1204,12.37,1062,10.64,0.860,6527015
Pennsylvania,2016,Pennsylvania2016,Male,Colon and Rectum,3511,46.62,1340,17.81,0.380,6261453
Pennsylvania,2016,Pennsylvania2016,Male,Lung and Bronchus,5675,72.93,3847,50.42,0.690,6261453
Pennsylvania,2016,Pennsylvania2016,Male,Pancreas,1302,16.92,1079,14.18,0.840,6261453
Pennsylvania,2017,Pennsylvania2017,Female,Colon and Rectum,3268,35.25,1181,11.65,0.330,6528507
Pennsylvania,2017,Pennsylvania2017,Female,Lung and Bronchus,5456,56.52,3284,33.15,0.590,6528507
Pennsylvania,2017,Pennsylvania2017,Female,Pancreas,1284,13.27,1034,10.28,0.770,6528507
Pennsylvania,2017,Pennsylvania2017,Male,Colon and Rectum,3378,44.78,1304,17.25,0.390,6266172
Pennsylvania,2017,Pennsylvania2017,Male,Lung and Bronchus,5629,71.09,3626,46.38,0.650,6266172
Pennsylvania,2017,Pennsylvania2017,Male,Pancreas,1322,16.66,1169,14.82,0.890,6266172
Pennsylvania,2018,Pennsylvania2018,Female,Colon and Rectum,3168,34.34,1223,12.07,0.350,6532496
Pennsylvania,2018,Pennsylvania2018,Female,Lung and Bronchus,5550,56.53,3124,31.02,0.550,6532496
Pennsylvania,2018,Pennsylvania2018,Female,Pancreas,1304,13.28,1069,10.52,0.790,6532496
Pennsylvania,2018,Pennsylvania2018,Male,Colon and Rectum,3319,42.99,1243,16.32,0.380,6276611
Pennsylvania,2018,Pennsylvania2018,Male,Lung and Bronchus,5531,68.31,3654,46.10,0.670,6276611
Pennsylvania,2018,Pennsylvania2018,Male,Pancreas,1280,16.08,1103,13.90,0.860,6276611
Pennsylvania,2019,Pennsylvania2019,Female,Colon and Rectum,3204,34.75,1150,11.36,0.330,6526489
Pennsylvania,2019,Pennsylvania2019,Female,Lung and Bronchus,5461,54.62,3085,30.03,0.550,6526489
Pennsylvania,2019,Pennsylvania2019,Female,Pancreas,1240,12.45,1048,10.19,0.820,6526489
Pennsylvania,2019,Pennsylvania2019,Male,Colon and Rectum,3485,44.97,1170,15.10,0.340,6272394
Pennsylvania,2019,Pennsylvania2019,Male,Lung and Bronchus,5609,67.79,3496,43.26,0.640,6272394
Pennsylvania,2019,Pennsylvania2019,Male,Pancreas,1414,17.26,1076,13.42,0.780,6272394
Pennsylvania,2020,Pennsylvania2020,Female,Colon and Rectum,2689,28.59,1075,10.45,0.370,6516212
Pennsylvania,2020,Pennsylvania2020,Female,Lung and Bronchus,4686,46.09,2924,28.10,0.610,6516212
Pennsylvania,2020,Pennsylvania2020,Female,Pancreas,1279,12.67,1055,10.13,0.800,6516212
Pennsylvania,2020,Pennsylvania2020,Male,Colon and Rectum,2999,38.55,1267,16.07,0.420,6267042
Pennsylvania,2020,Pennsylvania2020,Male,Lung and Bronchus,4781,57.14,3366,40.89,0.720,6267042
Pennsylvania,2020,Pennsylvania2020,Male,Pancreas,1298,15.67,1141,13.83,0.880,6267042
Rhode Island,2010,Rhode Island2010,Female,Colon and Rectum,288,40.41,111,14.35,0.360,544718
Rhode Island,2010,Rhode Island2010,Female,Lung and Bronchus,450,65.52,297,41.66,0.640,544718
Rhode Island,2010,Rhode Island2010,Female,Pancreas,72,9.64,79,10.52,1.090,544718
Rhode Island,2010,Rhode Island2010,Male,Colon and Rectum,248,46.17,96,18.47,0.400,509276
Rhode Island,2010,Rhode Island2010,Male,Lung and Bronchus,404,76.06,317,59.94,0.790,509276
Rhode Island,2010,Rhode Island2010,Male,Pancreas,77,13.94,63,11.59,0.830,509276
Rhode Island,2011,Rhode Island2011,Female,Colon and Rectum,259,34.80,109,13.31,0.380,544091
Rhode Island,2011,Rhode Island2011,Female,Lung and Bronchus,417,59.16,285,40.50,0.680,544091
Rhode Island,2011,Rhode Island2011,Female,Pancreas,59,8.09,58,8.10,1.000,544091
Rhode Island,2011,Rhode Island2011,Male,Colon and Rectum,238,44.20,87,16.33,0.370,509738
Rhode Island,2011,Rhode Island2011,Male,Lung and Bronchus,434,80.75,314,59.16,0.730,509738
Rhode Island,2011,Rhode Island2011,Male,Pancreas,82,15.12,69,12.70,0.840,509738
Rhode Island,2012,Rhode Island2012,Female,Colon and Rectum,250,34.26,100,11.80,0.340,544185
Rhode Island,2012,Rhode Island2012,Female,Lung and Bronchus,476,65.17,282,37.75,0.580,544185
Rhode Island,2012,Rhode Island2012,Female,Pancreas,79,10.60,60,7.49,0.710,544185
Rhode Island,2012,Rhode Island2012,Male,Colon and Rectum,242,43.68,93,17.03,0.390,510708
Rhode Island,2012,Rhode Island2012,Male,Lung and Bronchus,463,82.36,346,62.77,0.760,510708
Rhode Island,2012,Rhode Island2012,Male,Pancreas,87,15.66,65,11.84,0.760,510708
Rhode Island,2013,Rhode Island2013,Female,Colon and Rectum,250,33.91,100,12.28,0.360,544135
Rhode Island,2013,Rhode Island2013,Female,Lung and Bronchus,494,68.64,340,45.84,0.670,544135
Rhode Island,2013,Rhode Island2013,Female,Pancreas,93,12.05,76,9.98,0.830,544135
Rhode Island,2013,Rhode Island2013,Male,Colon and Rectum,215,38.69,79,14.46,0.370,511425
Rhode Island,2013,Rhode Island2013,Male,Lung and Bronchus,459,80.93,325,57.89,0.720,511425
Rhode Island,2013,Rhode Island2013,Male,Pancreas,93,15.21,87,15.28,1.000,511425
Rhode Island,2014,Rhode Island2014,Female,Colon and Rectum,247,33.32,99,12.35,0.370,544071
Rhode Island,2014,Rhode Island2014,Female,Lung and Bronchus,481,65.76,319,42.77,0.650,544071
Rhode Island,2014,Rhode Island2014,Female,Pancreas,78,10.58,75,9.43,0.890,544071
Rhode Island,2014,Rhode Island2014,Male,Colon and Rectum,250,43.25,88,15.59,0.360,512440
Rhode Island,2014,Rhode Island2014,Male,Lung and Bronchus,469,82.20,312,54.54,0.660,512440
Rhode Island,2014,Rhode Island2014,Male,Pancreas,87,15.83,66,11.24,0.710,512440
Rhode Island,2015,Rhode Island2015,Female,Colon and Rectum,198,27.60,73,9.28,0.340,543623
Rhode Island,2015,Rhode Island2015,Female,Lung and Bronchus,500,68.30,300,38.77,0.570,543623
Rhode Island,2015,Rhode Island2015,Female,Pancreas,76,10.04,78,10.29,1.030,543623
Rhode Island,2015,Rhode Island2015,Male,Colon and Rectum,230,40.44,100,17.63,0.440,513263
Rhode Island,2015,Rhode Island2015,Male,Lung and Bronchus,474,80.83,340,58.83,0.730,513263
Rhode Island,2015,Rhode Island2015,Male,Pancreas,80,13.55,75,13.49,1.000,513263
Rhode Island,2016,Rhode Island2016,Female,Colon and Rectum,215,29.50,88,11.01,0.370,543662
Rhode Island,2016,Rhode Island2016,Female,Lung and Bronchus,518,68.09,284,37.20,0.550,543662
Rhode Island,2016,Rhode Island2016,Female,Pancreas,100,12.72,92,11.70,0.920,543662
Rhode Island,2016,Rhode Island2016,Male,Colon and Rectum,200,34.53,87,14.87,0.430,514154
Rhode Island,2016,Rhode Island2016,Male,Lung and Bronchus,498,81.89,286,48.22,0.590,514154
Rhode Island,2016,Rhode Island2016,Male,Pancreas,101,17.30,88,14.93,0.860,514154
Rhode Island,2017,Rhode Island2017,Female,Colon and Rectum,221,28.20,76,9.29,0.330,542884
Rhode Island,2017,Rhode Island2017,Female,Lung and Bronchus,510,66.35,275,34.80,0.520,542884
Rhode Island,2017,Rhode Island2017,Female,Pancreas,72,9.53,66,8.26,0.870,542884
Rhode Island,2017,Rhode Island2017,Male,Colon and Rectum,228,38.09,68,11.66,0.310,513670
Rhode Island,2017,Rhode Island2017,Male,Lung and Bronchus,436,70.60,281,47.24,0.670,513670
Rhode Island,2017,Rhode Island2017,Male,Pancreas,106,17.22,88,14.73,0.860,513670
Rhode Island,2018,Rhode Island2018,Female,Colon and Rectum,224,30.23,90,10.93,0.360,543905
Rhode Island,2018,Rhode Island2018,Female,Lung and Bronchus,476,61.02,263,31.85,0.520,543905
Rhode Island,2018,Rhode Island2018,Female,Pancreas,90,11.63,76,9.20,0.790,543905
Rhode Island,2018,Rhode Island2018,Male,Colon and Rectum,252,41.35,85,14.27,0.340,515433
Rhode Island,2018,Rhode Island2018,Male,Lung and Bronchus,448,70.33,259,41.19,0.590,515433
Rhode Island,2018,Rhode Island2018,Male,Pancreas,82,13.34,92,15.19,1.140,515433
Rhode Island,2019,Rhode Island2019,Female,Colon and Rectum,235,32.02,99,12.23,0.380,543197
Rhode Island,2019,Rhode Island2019,Female,Lung and Bronchus,472,59.03,278,34.03,0.580,543197
Rhode Island,2019,Rhode Island2019,Female,Pancreas,96,11.93,85,10.08,0.850,543197
Rhode Island,2019,Rhode Island2019,Male,Colon and Rectum,227,36.84,69,11.47,0.310,514961
Rhode Island,2019,Rhode Island2019,Male,Lung and Bronchus,462,73.14,253,39.98,0.550,514961
Rhode Island,2019,Rhode Island2019,Male,Pancreas,111,17.53,97,15.94,0.910,514961
Rhode Island,2020,Rhode Island2020,Female,Colon and Rectum,209,27.26,95,10.89,0.400,542433
Rhode Island,2020,Rhode Island2020,Female,Lung and Bronchus,366,45.23,255,30.15,0.670,542433
Rhode Island,2020,Rhode Island2020,Female,Pancreas,92,11.28,69,7.80,0.690,542433
Rhode Island,2020,Rhode Island2020,Male,Colon and Rectum,190,31.38,69,11.20,0.360,514692
Rhode Island,2020,Rhode Island2020,Male,Lung and Bronchus,366,55.83,257,40.28,0.720,514692
Rhode Island,2020,Rhode Island2020,Male,Pancreas,103,15.79,84,12.73,0.810,514692
South Carolina,2010,South Carolina2010,Female,Colon and Rectum,1047,36.47,421,14.28,0.390,2380930
South Carolina,2010,South Carolina2010,Female,Lung and Bronchus,1606,55.19,1144,39.58,0.720,2380930
South Carolina,2010,South Carolina2010,Female,Pancreas,333,11.54,266,9.20,0.800,2380930
South Carolina,2010,South Carolina2010,Male,Colon and Rectum,1155,49.46,470,20.59,0.420,2254916
South Carolina,2010,South Carolina2010,Male,Lung and Bronchus,2101,89.92,1579,70.19,0.780,2254916
South Carolina,2010,South Carolina2010,Male,Pancreas,363,16.28,292,13.01,0.800,2254916
South Carolina,2011,South Carolina2011,Female,Colon and Rectum,1033,35.24,393,13.12,0.370,2401300
South Carolina,2011,South Carolina2011,Female,Lung and Bronchus,1586,53.25,1100,37.08,0.700,2401300
South Carolina,2011,South Carolina2011,Female,Pancreas,351,11.86,304,10.25,0.860,2401300
South Carolina,2011,South Carolina2011,Male,Colon and Rectum,1089,45.66,441,19.59,0.430,2271355
South Carolina,2011,South Carolina2011,Male,Lung and Bronchus,2140,89.93,1683,71.36,0.790,2271355
South Carolina,2011,South Carolina2011,Male,Pancreas,367,15.84,317,14.04,0.890,2271355
South Carolina,2012,South Carolina2012,Female,Colon and Rectum,1045,35.10,384,12.69,0.360,2425622
South Carolina,2012,South Carolina2012,Female,Lung and Bronchus,1724,55.91,1202,39.37,0.700,2425622
South Carolina,2012,South Carolina2012,Female,Pancreas,334,10.85,312,10.15,0.940,2425622
South Carolina,2012,South Carolina2012,Male,Colon and Rectum,1103,44.88,432,18.04,0.400,2293405
South Carolina,2012,South Carolina2012,Male,Lung and Bronchus,2192,87.09,1663,68.38,0.790,2293405
South Carolina,2012,South Carolina2012,Male,Pancreas,373,14.83,311,12.67,0.850,2293405
South Carolina,2013,South Carolina2013,Female,Colon and Rectum,999,32.69,370,11.93,0.360,2450408
South Carolina,2013,South Carolina2013,Female,Lung and Bronchus,1748,55.21,1201,37.84,0.690,2450408
South Carolina,2013,South Carolina2013,Female,Pancreas,348,11.27,296,9.43,0.840,2450408
South Carolina,2013,South Carolina2013,Male,Colon and Rectum,1131,44.34,453,18.77,0.420,2316061
South Carolina,2013,South Carolina2013,Male,Lung and Bronchus,2148,82.07,1632,64.33,0.780,2316061
South Carolina,2013,South Carolina2013,Male,Pancreas,397,15.80,312,12.90,0.820,2316061
South Carolina,2014,South Carolina2014,Female,Colon and Rectum,1017,32.46,403,12.69,0.390,2482344
South Carolina,2014,South Carolina2014,Female,Lung and Bronchus,1719,52.45,1151,35.07,0.670,2482344
South Carolina,2014,South Carolina2014,Female,Pancreas,384,11.78,302,9.35,0.790,2482344
South Carolina,2014,South Carolina2014,Male,Colon and Rectum,1159,43.90,430,16.68,0.380,2344514
South Carolina,2014,South Carolina2014,Male,Lung and Bronchus,2302,85.77,1622,61.68,0.720,2344514
South Carolina,2014,South Carolina2014,Male,Pancreas,390,14.64,341,12.95,0.880,2344514
South Carolina,2015,South Carolina2015,Female,Colon and Rectum,1119,35.14,402,12.48,0.360,2518205
South Carolina,2015,South Carolina2015,Female,Lung and Bronchus,1810,53.13,1143,33.66,0.630,2518205
South Carolina,2015,South Carolina2015,Female,Pancreas,387,11.75,317,9.51,0.810,2518205
South Carolina,2015,South Carolina2015,Male,Colon and Rectum,1279,47.72,451,17.19,0.360,2377801
South Carolina,2015,South Carolina2015,Male,Lung and Bronchus,2300,82.53,1632,59.80,0.720,2377801
South Carolina,2015,South Carolina2015,Male,Pancreas,423,15.41,349,13.10,0.850,2377801
South Carolina,2016,South Carolina2016,Female,Colon and Rectum,1103,33.79,388,11.44,0.340,2553825
South Carolina,2016,South Carolina2016,Female,Lung and Bronchus,1776,50.29,1126,32.16,0.640,2553825
South Carolina,2016,South Carolina2016,Female,Pancreas,440,12.94,360,10.33,0.800,2553825
South Carolina,2016,South Carolina2016,Male,Colon and Rectum,1240,44.34,477,17.69,0.400,2409206
South Carolina,2016,South Carolina2016,Male,Lung and Bronchus,2189,75.32,1578,56.03,0.740,2409206
South Carolina,2016,South Carolina2016,Male,Pancreas,460,16.29,381,13.70,0.840,2409206
South Carolina,2017,South Carolina2017,Female,Colon and Rectum,1058,31.29,377,10.77,0.340,2588374
South Carolina,2017,South Carolina2017,Female,Lung and Bronchus,1880,51.70,1144,31.79,0.610,2588374
South Carolina,2017,South Carolina2017,Female,Pancreas,418,12.01,370,10.53,0.880,2588374
South Carolina,2017,South Carolina2017,Male,Colon and Rectum,1149,39.96,488,17.06,0.430,2438728
South Carolina,2017,South Carolina2017,Male,Lung and Bronchus,2320,76.66,1556,53.12,0.690,2438728
South Carolina,2017,South Carolina2017,Male,Pancreas,480,16.05,398,13.39,0.830,2438728
South Carolina,2018,South Carolina2018,Female,Colon and Rectum,1061,31.18,364,10.27,0.330,2623668
South Carolina,2018,South Carolina2018,Female,Lung and Bronchus,1956,51.25,1158,30.78,0.600,2623668
South Carolina,2018,South Carolina2018,Female,Pancreas,463,12.59,360,9.78,0.780,2623668
South Carolina,2018,South Carolina2018,Male,Colon and Rectum,1244,42.61,464,16.30,0.380,2468034
South Carolina,2018,South Carolina2018,Male,Lung and Bronchus,2216,71.02,1500,49.15,0.690,2468034
South Carolina,2018,South Carolina2018,Male,Pancreas,477,15.65,401,13.31,0.850,2468034
South Carolina,2019,South Carolina2019,Female,Colon and Rectum,1102,31.33,381,10.58,0.340,2659704
South Carolina,2019,South Carolina2019,Female,Lung and Bronchus,1908,48.64,1141,29.37,0.600,2659704
South Carolina,2019,South Carolina2019,Female,Pancreas,401,10.73,367,9.64,0.900,2659704
South Carolina,2019,South Carolina2019,Male,Colon and Rectum,1274,42.45,497,16.50,0.390,2497998
South Carolina,2019,South Carolina2019,Male,Lung and Bronchus,2262,69.85,1530,48.49,0.690,2497998
South Carolina,2019,South Carolina2019,Male,Pancreas,487,15.20,408,12.89,0.850,2497998
South Carolina,2020,South Carolina2020,Female,Colon and Rectum,984,27.19,389,10.51,0.390,2694628
South Carolina,2020,South Carolina2020,Female,Lung and Bronchus,1773,44.00,1139,28.08,0.640,2694628
South Carolina,2020,South Carolina2020,Female,Pancreas,437,11.14,350,8.71,0.780,2694628
South Carolina,2020,South Carolina2020,Male,Colon and Rectum,1121,36.57,508,16.50,0.450,2523412
South Carolina,2020,South Carolina2020,Male,Lung and Bronchus,2084,62.50,1553,47.48,0.760,2523412
South Carolina,2020,South Carolina2020,Male,Pancreas,487,14.89,449,14.19,0.950,2523412
South Dakota,2010,South Dakota2010,Female,Colon and Rectum,234,45.00,77,12.82,0.280,407748
South Dakota,2010,South Dakota2010,Female,Lung and Bronchus,262,51.19,172,33.16,0.650,407748
South Dakota,2010,South Dakota2010,Female,Pancreas,59,11.19,51,9.47,0.850,407748
South Dakota,2010,South Dakota2010,Male,Colon and Rectum,256,60.28,89,20.78,0.340,408445
South Dakota,2010,South Dakota2010,Male,Lung and Bronchus,321,75.51,261,62.08,0.820,408445
South Dakota,2010,South Dakota2010,Male,Pancreas,49,11.22,48,10.66,0.950,408445
South Dakota,2011,South Dakota2011,Female,Colon and Rectum,197,36.87,68,11.28,0.310,410308
South Dakota,2011,South Dakota2011,Female,Lung and Bronchus,274,54.08,224,42.66,0.790,410308
South Dakota,2011,South Dakota2011,Female,Pancreas,61,11.33,54,9.77,0.860,410308
South Dakota,2011,South Dakota2011,Male,Colon and Rectum,251,57.06,68,16.01,0.280,413432
South Dakota,2011,South Dakota2011,Male,Lung and Bronchus,283,64.87,233,53.76,0.830,413432
South Dakota,2011,South Dakota2011,Male,Pancreas,47,10.28,40,8.77,0.850,413432
South Dakota,2012,South Dakota2012,Female,Colon and Rectum,205,38.73,80,14.26,0.370,414663
South Dakota,2012,South Dakota2012,Female,Lung and Bronchus,247,47.82,183,34.79,0.730,414663
South Dakota,2012,South Dakota2012,Female,Pancreas,61,11.21,53,9.46,0.840,414663
South Dakota,2012,South Dakota2012,Male,Colon and Rectum,205,45.16,84,18.83,0.420,419196
South Dakota,2012,South Dakota2012,Male,Lung and Bronchus,325,72.04,252,56.01,0.780,419196
South Dakota,2012,South Dakota2012,Male,Pancreas,72,15.71,53,12.08,0.770,419196
South Dakota,2013,South Dakota2013,Female,Colon and Rectum,213,38.88,76,13.25,0.340,418793
South Dakota,2013,South Dakota2013,Female,Lung and Bronchus,298,57.37,178,32.90,0.570,418793
South Dakota,2013,South Dakota2013,Female,Pancreas,52,9.36,60,10.65,1.140,418793
South Dakota,2013,South Dakota2013,Male,Colon and Rectum,211,45.41,91,20.60,0.450,423958
South Dakota,2013,South Dakota2013,Male,Lung and Bronchus,326,71.35,237,52.43,0.730,423958
South Dakota,2013,South Dakota2013,Male,Pancreas,58,12.34,48,9.98,0.810,423958
South Dakota,2014,South Dakota2014,Female,Colon and Rectum,206,38.76,78,13.47,0.350,421923
South Dakota,2014,South Dakota2014,Female,Lung and Bronchus,263,49.60,187,34.34,0.690,421923
South Dakota,2014,South Dakota2014,Female,Pancreas,59,10.94,42,6.87,0.630,421923
South Dakota,2014,South Dakota2014,Male,Colon and Rectum,253,54.65,109,23.46,0.430,427747
South Dakota,2014,South Dakota2014,Male,Lung and Bronchus,338,72.31,259,55.63,0.770,427747
South Dakota,2014,South Dakota2014,Male,Pancreas,73,15.59,77,16.50,1.060,427747
South Dakota,2015,South Dakota2015,Female,Colon and Rectum,186,34.91,84,13.74,0.390,424080
South Dakota,2015,South Dakota2015,Female,Lung and Bronchus,294,54.33,194,35.40,0.650,424080
South Dakota,2015,South Dakota2015,Female,Pancreas,67,11.65,56,9.39,0.810,424080
South Dakota,2015,South Dakota2015,Male,Colon and Rectum,220,47.20,85,18.31,0.390,430583
South Dakota,2015,South Dakota2015,Male,Lung and Bronchus,309,64.74,233,48.93,0.760,430583
South Dakota,2015,South Dakota2015,Male,Pancreas,57,11.65,54,11.09,0.950,430583
South Dakota,2016,South Dakota2016,Female,Colon and Rectum,199,37.80,72,12.23,0.320,428212
South Dakota,2016,South Dakota2016,Female,Lung and Bronchus,326,57.70,185,32.24,0.560,428212
South Dakota,2016,South Dakota2016,Female,Pancreas,73,13.05,65,11.34,0.870,428212
South Dakota,2016,South Dakota2016,Male,Colon and Rectum,221,46.04,91,19.41,0.420,435481
South Dakota,2016,South Dakota2016,Male,Lung and Bronchus,320,65.72,235,49.05,0.750,435481
South Dakota,2016,South Dakota2016,Male,Pancreas,81,15.98,62,12.54,0.780,435481
South Dakota,2017,South Dakota2017,Female,Colon and Rectum,197,34.89,75,12.14,0.350,432891
South Dakota,2017,South Dakota2017,Female,Lung and Bronchus,305,54.76,202,34.95,0.640,432891
South Dakota,2017,South Dakota2017,Female,Pancreas,60,10.65,69,11.51,1.080,432891
South Dakota,2017,South Dakota2017,Male,Colon and Rectum,231,46.83,86,17.11,0.370,440841
South Dakota,2017,South Dakota2017,Male,Lung and Bronchus,316,63.35,220,44.03,0.700,440841
South Dakota,2017,South Dakota2017,Male,Pancreas,81,14.96,55,11.35,0.760,440841
South Dakota,2018,South Dakota2018,Female,Colon and Rectum,189,33.65,75,12.33,0.370,435837
South Dakota,2018,South Dakota2018,Female,Lung and Bronchus,295,50.14,183,31.21,0.620,435837
South Dakota,2018,South Dakota2018,Female,Pancreas,79,13.58,56,9.16,0.670,435837
South Dakota,2018,South Dakota2018,Male,Colon and Rectum,231,46.22,91,18.04,0.390,443549
South Dakota,2018,South Dakota2018,Male,Lung and Bronchus,321,59.59,212,41.49,0.700,443549
South Dakota,2018,South Dakota2018,Male,Pancreas,75,13.64,60,10.72,0.790,443549
South Dakota,2019,South Dakota2019,Female,Colon and Rectum,210,35.95,77,12.57,0.350,439553
South Dakota,2019,South Dakota2019,Female,Lung and Bronchus,360,58.44,218,35.03,0.600,439553
South Dakota,2019,South Dakota2019,Female,Pancreas,53,9.25,56,9.48,1.030,439553
South Dakota,2019,South Dakota2019,Male,Colon and Rectum,236,47.64,73,14.87,0.310,447574
South Dakota,2019,South Dakota2019,Male,Lung and Bronchus,326,60.08,212,39.96,0.670,447574
South Dakota,2019,South Dakota2019,Male,Pancreas,85,15.47,86,15.92,1.030,447574
South Dakota,2020,South Dakota2020,Female,Colon and Rectum,180,32.60,73,11.57,0.350,442058
South Dakota,2020,South Dakota2020,Female,Lung and Bronchus,285,45.55,189,30.00,0.660,442058
South Dakota,2020,South Dakota2020,Female,Pancreas,71,11.71,54,8.08,0.690,442058
South Dakota,2020,South Dakota2020,Male,Colon and Rectum,202,38.81,81,15.21,0.390,450659
South Dakota,2020,South Dakota2020,Male,Lung and Bronchus,289,52.10,183,33.67,0.650,450659
South Dakota,2020,South Dakota2020,Male,Pancreas,80,14.72,74,13.53,0.920,450659
Tennessee,2010,Tennessee2010,Female,Colon and Rectum,1523,38.91,596,14.84,0.380,3257576
Tennessee,2010,Tennessee2010,Female,Lung and Bronchus,2424,61.56,1781,45.04,0.730,3257576
Tennessee,2010,Tennessee2010,Female,Pancreas,418,10.71,383,9.69,0.900,3257576
Tennessee,2010,Tennessee2010,Male,Colon and Rectum,1537,49.18,611,20.50,0.420,3097942
Tennessee,2010,Tennessee2010,Male,Lung and Bronchus,3210,102.22,2634,86.52,0.850,3097942
Tennessee,2010,Tennessee2010,Male,Pancreas,423,13.24,399,13.24,1.000,3097942
Tennessee,2011,Tennessee2011,Female,Colon and Rectum,1419,36.00,608,15.23,0.420,3281016
Tennessee,2011,Tennessee2011,Female,Lung and Bronchus,2440,60.59,1756,43.28,0.710,3281016
Tennessee,2011,Tennessee2011,Female,Pancreas,423,10.47,388,9.64,0.920,3281016
Tennessee,2011,Tennessee2011,Male,Colon and Rectum,1512,47.13,645,21.01,0.450,3119282
Tennessee,2011,Tennessee2011,Male,Lung and Bronchus,3156,96.66,2565,80.67,0.830,3119282
Tennessee,2011,Tennessee2011,Male,Pancreas,442,13.17,398,12.23,0.930,3119282
Tennessee,2012,Tennessee2012,Female,Colon and Rectum,1454,36.32,548,13.41,0.370,3308185
Tennessee,2012,Tennessee2012,Female,Lung and Bronchus,2585,62.61,1833,44.57,0.710,3308185
Tennessee,2012,Tennessee2012,Female,Pancreas,448,10.92,394,9.44,0.860,3308185
Tennessee,2012,Tennessee2012,Male,Colon and Rectum,1596,48.58,654,21.02,0.430,3147567
Tennessee,2012,Tennessee2012,Male,Lung and Bronchus,3170,94.51,2526,77.39,0.820,3147567
Tennessee,2012,Tennessee2012,Male,Pancreas,431,12.91,402,12.14,0.940,3147567
Tennessee,2013,Tennessee2013,Female,Colon and Rectum,1423,34.83,553,13.23,0.380,3329087
Tennessee,2013,Tennessee2013,Female,Lung and Bronchus,2533,60.65,1797,42.74,0.700,3329087
Tennessee,2013,Tennessee2013,Female,Pancreas,478,11.37,432,10.21,0.900,3329087
Tennessee,2013,Tennessee2013,Male,Colon and Rectum,1491,44.20,666,20.65,0.470,3167856
Tennessee,2013,Tennessee2013,Male,Lung and Bronchus,3309,96.02,2518,74.34,0.770,3167856
Tennessee,2013,Tennessee2013,Male,Pancreas,470,14.02,420,12.79,0.910,3167856
Tennessee,2014,Tennessee2014,Female,Colon and Rectum,1534,37.35,557,13.19,0.350,3352533
Tennessee,2014,Tennessee2014,Female,Lung and Bronchus,2614,60.73,1856,43.09,0.710,3352533
Tennessee,2014,Tennessee2014,Female,Pancreas,478,11.02,471,10.91,0.990,3352533
Tennessee,2014,Tennessee2014,Male,Colon and Rectum,1631,46.91,593,17.76,0.380,3192084
Tennessee,2014,Tennessee2014,Male,Lung and Bronchus,3297,93.47,2578,74.78,0.800,3192084
Tennessee,2014,Tennessee2014,Male,Pancreas,502,14.12,446,12.67,0.900,3192084
Tennessee,2015,Tennessee2015,Female,Colon and Rectum,1478,34.97,570,13.22,0.380,3378397
Tennessee,2015,Tennessee2015,Female,Lung and Bronchus,2874,65.57,1889,42.83,0.650,3378397
Tennessee,2015,Tennessee2015,Female,Pancreas,457,10.52,387,8.83,0.840,3378397
Tennessee,2015,Tennessee2015,Male,Colon and Rectum,1684,46.76,629,18.37,0.390,3216957
Tennessee,2015,Tennessee2015,Male,Lung and Bronchus,3448,95.51,2466,69.89,0.730,3216957
Tennessee,2015,Tennessee2015,Male,Pancreas,543,14.87,490,13.27,0.890,3216957
Tennessee,2016,Tennessee2016,Female,Colon and Rectum,1545,35.95,567,12.88,0.360,3406813
Tennessee,2016,Tennessee2016,Female,Lung and Bronchus,2731,60.31,1805,40.30,0.670,3406813
Tennessee,2016,Tennessee2016,Female,Pancreas,502,11.31,419,9.29,0.820,3406813
Tennessee,2016,Tennessee2016,Male,Colon and Rectum,1707,46.91,638,17.97,0.380,3244464
Tennessee,2016,Tennessee2016,Male,Lung and Bronchus,3357,89.91,2532,70.40,0.780,3244464
Tennessee,2016,Tennessee2016,Male,Pancreas,545,14.56,467,12.85,0.880,3244464
Tennessee,2017,Tennessee2017,Female,Colon and Rectum,1516,35.01,558,12.32,0.350,3438006
Tennessee,2017,Tennessee2017,Female,Lung and Bronchus,2920,63.09,1698,36.75,0.580,3438006
Tennessee,2017,Tennessee2017,Female,Pancreas,502,10.97,450,9.80,0.890,3438006
Tennessee,2017,Tennessee2017,Male,Colon and Rectum,1731,46.55,670,18.01,0.390,3276742
Tennessee,2017,Tennessee2017,Male,Lung and Bronchus,3406,88.90,2303,61.25,0.690,3276742
Tennessee,2017,Tennessee2017,Male,Pancreas,559,14.87,485,12.84,0.860,3276742
Tennessee,2018,Tennessee2018,Female,Colon and Rectum,1496,33.94,535,11.65,0.340,3470870
Tennessee,2018,Tennessee2018,Female,Lung and Bronchus,2995,62.86,1776,37.58,0.600,3470870
Tennessee,2018,Tennessee2018,Female,Pancreas,563,12.18,470,10.04,0.820,3470870
Tennessee,2018,Tennessee2018,Male,Colon and Rectum,1747,46.66,661,18.00,0.390,3307310
Tennessee,2018,Tennessee2018,Male,Lung and Bronchus,3281,82.99,2159,55.55,0.670,3307310
Tennessee,2018,Tennessee2018,Male,Pancreas,539,13.75,495,13.05,0.950,3307310
Tennessee,2019,Tennessee2019,Female,Colon and Rectum,1515,33.68,580,12.50,0.370,3498429
Tennessee,2019,Tennessee2019,Female,Lung and Bronchus,2923,59.99,1766,36.12,0.600,3498429
Tennessee,2019,Tennessee2019,Female,Pancreas,513,10.80,474,9.94,0.920,3498429
Tennessee,2019,Tennessee2019,Male,Colon and Rectum,1720,44.49,678,18.02,0.410,3331896
Tennessee,2019,Tennessee2019,Male,Lung and Bronchus,3368,82.78,2285,57.67,0.700,3331896
Tennessee,2019,Tennessee2019,Male,Pancreas,530,13.34,470,11.88,0.890,3331896
Tennessee,2020,Tennessee2020,Female,Colon and Rectum,1393,30.93,544,11.57,0.370,3528814
Tennessee,2020,Tennessee2020,Female,Lung and Bronchus,2616,52.20,1791,35.88,0.690,3528814
Tennessee,2020,Tennessee2020,Female,Pancreas,524,10.87,475,9.76,0.900,3528814
Tennessee,2020,Tennessee2020,Male,Colon and Rectum,1668,42.70,666,17.57,0.410,3358020
Tennessee,2020,Tennessee2020,Male,Lung and Bronchus,2914,70.29,2183,53.52,0.760,3358020
Tennessee,2020,Tennessee2020,Male,Pancreas,629,15.68,540,13.53,0.860,3358020
Texas,2010,Texas2010,Female,Colon and Rectum,4198,33.57,1566,12.61,0.380,12721747
Texas,2010,Texas2010,Female,Lung and Bronchus,5833,47.38,4113,33.69,0.710,12721747
Texas,2010,Texas2010,Female,Pancreas,1342,10.76,1124,9.10,0.850,12721747
Texas,2010,Texas2010,Male,Colon and Rectum,5116,49.21,1915,19.40,0.390,12520150
Texas,2010,Texas2010,Male,Lung and Bronchus,7223,72.93,5406,56.05,0.770,12520150
Texas,2010,Texas2010,Male,Pancreas,1369,13.53,1198,12.29,0.910,12520150
Texas,2011,Texas2011,Female,Colon and Rectum,4208,32.66,1579,12.22,0.370,12925831
Texas,2011,Texas2011,Female,Lung and Bronchus,5601,44.32,4121,32.84,0.740,12925831
Texas,2011,Texas2011,Female,Pancreas,1330,10.47,1161,9.15,0.870,12925831
Texas,2011,Texas2011,Male,Colon and Rectum,5120,47.24,1895,18.54,0.390,12719673
Texas,2011,Texas2011,Male,Lung and Bronchus,7252,70.16,5584,55.47,0.790,12719673
Texas,2011,Texas2011,Male,Pancreas,1422,13.34,1181,11.36,0.850,12719673
Texas,2012,Texas2012,Female,Colon and Rectum,4251,32.13,1610,12.12,0.380,13141745
Texas,2012,Texas2012,Female,Lung and Bronchus,6019,45.93,4217,32.38,0.700,13141745
Texas,2012,Texas2012,Female,Pancreas,1404,10.72,1160,8.93,0.830,13141745
Texas,2012,Texas2012,Male,Colon and Rectum,5262,46.87,1925,18.06,0.390,12942375
Texas,2012,Texas2012,Male,Lung and Bronchus,7296,68.86,5448,52.52,0.760,12942375
Texas,2012,Texas2012,Male,Pancreas,1534,14.16,1268,11.99,0.850,12942375
Texas,2013,Texas2013,Female,Colon and Rectum,4376,32.24,1554,11.50,0.360,13337529
Texas,2013,Texas2013,Female,Lung and Bronchus,5938,43.97,4090,30.53,0.690,13337529
Texas,2013,Texas2013,Female,Pancreas,1397,10.36,1180,8.85,0.850,13337529
Texas,2013,Texas2013,Male,Colon and Rectum,5290,45.56,2027,18.63,0.410,13142117
Texas,2013,Texas2013,Male,Lung and Bronchus,7288,66.47,5349,50.02,0.750,13142117
Texas,2013,Texas2013,Male,Pancreas,1583,13.85,1277,11.52,0.830,13142117
Texas,2014,Texas2014,Female,Colon and Rectum,4456,31.85,1602,11.43,0.360,13577164
Texas,2014,Texas2014,Female,Lung and Bronchus,6061,43.73,4152,30.05,0.690,13577164
Texas,2014,Texas2014,Female,Pancreas,1541,11.06,1253,9.02,0.820,13577164
Texas,2014,Texas2014,Male,Colon and Rectum,5459,45.22,1984,17.34,0.380,13385928
Texas,2014,Texas2014,Male,Lung and Bronchus,7322,64.12,5406,48.70,0.760,13385928
Texas,2014,Texas2014,Male,Pancreas,1580,13.51,1319,11.59,0.860,13385928
Texas,2015,Texas2015,Female,Colon and Rectum,4554,31.70,1613,11.19,0.350,13825817
Texas,2015,Texas2015,Female,Lung and Bronchus,6037,42.02,4025,28.25,0.670,13825817
Texas,2015,Texas2015,Female,Pancreas,1591,11.07,1278,8.95,0.810,13825817
Texas,2015,Texas2015,Male,Colon and Rectum,5818,46.71,2066,17.49,0.370,13642714
Texas,2015,Texas2015,Male,Lung and Bronchus,7269,61.26,5130,44.20,0.720,13642714
Texas,2015,Texas2015,Male,Pancreas,1745,14.57,1387,11.85,0.810,13642714
Texas,2016,Texas2016,Female,Colon and Rectum,4678,31.81,1665,11.24,0.350,14048837
Texas,2016,Texas2016,Female,Lung and Bronchus,6274,42.36,3937,26.92,0.640,14048837
Texas,2016,Texas2016,Female,Pancreas,1733,11.67,1386,9.43,0.810,14048837
Texas,2016,Texas2016,Male,Colon and Rectum,5615,43.72,2182,17.88,0.410,13865227
Texas,2016,Texas2016,Male,Lung and Bronchus,7292,59.94,5256,44.10,0.740,13865227
Texas,2016,Texas2016,Male,Pancreas,1780,14.32,1423,11.60,0.810,13865227
Texas,2017,Texas2017,Female,Colon and Rectum,4755,31.36,1659,10.95,0.350,14238026
Texas,2017,Texas2017,Female,Lung and Bronchus,6370,41.86,4099,27.01,0.650,14238026
Texas,2017,Texas2017,Female,Pancreas,1725,11.22,1358,8.89,0.790,14238026
Texas,2017,Texas2017,Male,Colon and Rectum,6043,45.72,2172,17.15,0.380,14052998
Texas,2017,Texas2017,Male,Lung and Bronchus,7403,58.61,5010,40.74,0.700,14052998
Texas,2017,Texas2017,Male,Pancreas,1898,14.91,1457,11.65,0.780,14052998
Texas,2018,Texas2018,Female,Colon and Rectum,5000,32.43,1680,10.83,0.330,14409326
Texas,2018,Texas2018,Female,Lung and Bronchus,6510,41.24,3859,24.66,0.600,14409326
Texas,2018,Texas2018,Female,Pancreas,1794,11.53,1366,8.70,0.750,14409326
Texas,2018,Texas2018,Male,Colon and Rectum,6379,46.87,2221,17.10,0.360,14215238
Texas,2018,Texas2018,Male,Lung and Bronchus,7432,56.98,4866,38.35,0.670,14215238
Texas,2018,Texas2018,Male,Pancreas,2041,15.26,1539,11.76,0.770,14215238
Texas,2019,Texas2019,Female,Colon and Rectum,5096,32.25,1770,11.19,0.350,14591903
Texas,2019,Texas2019,Female,Lung and Bronchus,6396,39.31,3820,23.80,0.610,14591903
Texas,2019,Texas2019,Female,Pancreas,1850,11.45,1482,9.16,0.800,14591903
Texas,2019,Texas2019,Male,Colon and Rectum,6262,44.64,2258,16.79,0.380,14394891
Texas,2019,Texas2019,Male,Lung and Bronchus,7316,54.12,4903,37.19,0.690,14394891
Texas,2019,Texas2019,Male,Pancreas,2050,15.10,1648,12.31,0.820,14394891
Texas,2020,Texas2020,Female,Colon and Rectum,4463,27.72,1737,10.57,0.380,14779708
Texas,2020,Texas2020,Female,Lung and Bronchus,5805,34.45,3913,23.49,0.680,14779708
Texas,2020,Texas2020,Female,Pancreas,1847,11.15,1508,9.13,0.820,14779708
Texas,2020,Texas2020,Male,Colon and Rectum,5659,39.51,2289,16.47,0.420,14581051
Texas,2020,Texas2020,Male,Lung and Bronchus,6544,46.85,4876,35.97,0.770,14581051
Texas,2020,Texas2020,Male,Pancreas,1942,13.77,1690,12.36,0.900,14581051
Utah,2010,Utah2010,Female,Colon and Rectum,322,27.62,124,10.92,0.400,1381267
Utah,2010,Utah2010,Female,Lung and Bronchus,278,24.58,197,17.05,0.690,1381267
Utah,2010,Utah2010,Female,Pancreas,108,9.47,95,8.24,0.870,1381267
Utah,2010,Utah2010,Male,Colon and Rectum,374,36.27,127,13.08,0.360,1394146
Utah,2010,Utah2010,Male,Lung and Bronchus,305,31.25,262,26.97,0.860,1394146
Utah,2010,Utah2010,Male,Pancreas,115,11.74,109,11.49,0.980,1394146
Utah,2011,Utah2011,Female,Colon and Rectum,348,29.65,114,9.72,0.330,1400748
Utah,2011,Utah2011,Female,Lung and Bronchus,298,25.71,186,15.97,0.620,1400748
Utah,2011,Utah2011,Female,Pancreas,112,9.66,91,7.83,0.810,1400748
Utah,2011,Utah2011,Male,Colon and Rectum,388,36.83,133,13.30,0.360,1414049
Utah,2011,Utah2011,Male,Lung and Bronchus,361,35.28,254,25.17,0.710,1414049
Utah,2011,Utah2011,Male,Pancreas,132,12.93,114,11.53,0.890,1414049
Utah,2012,Utah2012,Female,Colon and Rectum,303,25.13,113,9.28,0.370,1419345
Utah,2012,Utah2012,Female,Lung and Bronchus,303,25.02,183,15.55,0.620,1419345
Utah,2012,Utah2012,Female,Pancreas,137,11.27,105,8.85,0.780,1419345
Utah,2012,Utah2012,Male,Colon and Rectum,399,36.65,126,12.17,0.330,1434801
Utah,2012,Utah2012,Male,Lung and Bronchus,395,37.97,270,26.61,0.700,1434801
Utah,2012,Utah2012,Male,Pancreas,166,15.43,124,11.76,0.760,1434801
Utah,2013,Utah2013,Female,Colon and Rectum,349,27.96,110,9.16,0.330,1441058
Utah,2013,Utah2013,Female,Lung and Bronchus,294,23.72,196,15.89,0.670,1441058
Utah,2013,Utah2013,Female,Pancreas,115,9.11,124,9.73,1.070,1441058
Utah,2013,Utah2013,Male,Colon and Rectum,415,37.30,142,12.98,0.350,1457715
Utah,2013,Utah2013,Male,Lung and Bronchus,330,30.51,241,22.26,0.730,1457715
Utah,2013,Utah2013,Male,Pancreas,127,11.71,125,11.58,0.990,1457715
Utah,2014,Utah2014,Female,Colon and Rectum,362,28.42,124,9.81,0.350,1460537
Utah,2014,Utah2014,Female,Lung and Bronchus,295,23.20,208,16.44,0.710,1460537
Utah,2014,Utah2014,Female,Pancreas,113,8.86,109,8.42,0.950,1460537
Utah,2014,Utah2014,Male,Colon and Rectum,382,32.47,152,13.95,0.430,1477790
Utah,2014,Utah2014,Male,Lung and Bronchus,337,30.23,244,22.67,0.750,1477790
Utah,2014,Utah2014,Male,Pancreas,150,13.17,124,11.03,0.840,1477790
Utah,2015,Utah2015,Female,Colon and Rectum,359,27.30,137,10.67,0.390,1482384
Utah,2015,Utah2015,Female,Lung and Bronchus,308,23.11,205,15.68,0.680,1482384
Utah,2015,Utah2015,Female,Pancreas,146,11.37,107,8.32,0.730,1482384
Utah,2015,Utah2015,Male,Colon and Rectum,359,29.57,140,12.67,0.430,1501242
Utah,2015,Utah2015,Male,Lung and Bronchus,351,30.65,266,23.43,0.760,1501242
Utah,2015,Utah2015,Male,Pancreas,139,11.64,121,10.49,0.900,1501242
Utah,2016,Utah2016,Female,Colon and Rectum,336,24.49,125,9.50,0.390,1511904
Utah,2016,Utah2016,Female,Lung and Bronchus,304,21.82,203,14.85,0.680,1511904
Utah,2016,Utah2016,Female,Pancreas,126,9.05,120,8.65,0.950,1511904
Utah,2016,Utah2016,Male,Colon and Rectum,410,33.14,160,13.58,0.410,1532337
Utah,2016,Utah2016,Male,Lung and Bronchus,362,30.49,265,22.61,0.740,1532337
Utah,2016,Utah2016,Male,Pancreas,137,11.27,123,9.86,0.870,1532337
Utah,2017,Utah2017,Female,Colon and Rectum,393,28.24,129,9.49,0.340,1540562
Utah,2017,Utah2017,Female,Lung and Bronchus,311,21.82,201,14.34,0.660,1540562
Utah,2017,Utah2017,Female,Pancreas,117,8.37,91,6.60,0.790,1540562
Utah,2017,Utah2017,Male,Colon and Rectum,416,32.76,143,11.41,0.350,1562978
Utah,2017,Utah2017,Male,Lung and Bronchus,376,30.46,250,20.73,0.680,1562978
Utah,2017,Utah2017,Male,Pancreas,188,14.42,141,11.13,0.770,1562978
Utah,2018,Utah2018,Female,Colon and Rectum,382,26.35,128,8.82,0.330,1566159
Utah,2018,Utah2018,Female,Lung and Bronchus,341,23.15,195,13.69,0.590,1566159
Utah,2018,Utah2018,Female,Pancreas,149,10.03,118,8.08,0.810,1566159
Utah,2018,Utah2018,Male,Colon and Rectum,438,32.97,139,10.84,0.330,1588994
Utah,2018,Utah2018,Male,Lung and Bronchus,405,31.07,252,19.94,0.640,1588994
Utah,2018,Utah2018,Male,Pancreas,184,14.29,145,11.44,0.800,1588994
Utah,2019,Utah2019,Female,Colon and Rectum,388,26.19,150,10.33,0.390,1589845
Utah,2019,Utah2019,Female,Lung and Bronchus,383,25.05,197,13.11,0.520,1589845
Utah,2019,Utah2019,Female,Pancreas,161,10.89,119,8.01,0.740,1589845
Utah,2019,Utah2019,Male,Colon and Rectum,432,31.53,171,12.70,0.400,1613538
Utah,2019,Utah2019,Male,Lung and Bronchus,386,28.88,247,18.81,0.650,1613538
Utah,2019,Utah2019,Male,Pancreas,175,13.08,154,11.55,0.880,1613538
Utah,2020,Utah2020,Female,Colon and Rectum,363,24.02,139,9.04,0.380,1612139
Utah,2020,Utah2020,Female,Lung and Bronchus,299,18.86,208,13.39,0.710,1612139
Utah,2020,Utah2020,Female,Pancreas,148,9.64,141,9.34,0.970,1612139
Utah,2020,Utah2020,Male,Colon and Rectum,430,30.88,154,11.27,0.370,1637740
Utah,2020,Utah2020,Male,Lung and Bronchus,299,21.03,235,17.21,0.820,1637740
Utah,2020,Utah2020,Male,Pancreas,202,14.30,158,11.60,0.810,1637740
Vermont,2010,Vermont2010,Female,Colon and Rectum,139,32.36,72,15.82,0.490,317623
Vermont,2010,Vermont2010,Female,Lung and Bronchus,265,63.65,188,45.73,0.720,317623
Vermont,2010,Vermont2010,Female,Pancreas,49,11.54,37,8.60,0.750,317623
Vermont,2010,Vermont2010,Male,Colon and Rectum,148,41.74,55,17.31,0.410,308263
Vermont,2010,Vermont2010,Male,Lung and Bronchus,281,82.61,217,64.18,0.780,308263
Vermont,2010,Vermont2010,Male,Pancreas,41,11.60,40,11.29,0.970,308263
Vermont,2011,Vermont2011,Female,Colon and Rectum,146,34.36,59,13.57,0.400,317948
Vermont,2011,Vermont2011,Female,Lung and Bronchus,272,66.36,197,46.47,0.700,317948
Vermont,2011,Vermont2011,Female,Pancreas,50,12.40,40,9.43,0.760,317948
Vermont,2011,Vermont2011,Male,Colon and Rectum,160,44.31,49,14.81,0.330,309249
Vermont,2011,Vermont2011,Male,Lung and Bronchus,256,71.06,179,52.54,0.740,309249
Vermont,2011,Vermont2011,Male,Pancreas,43,12.66,43,12.38,0.980,309249
Vermont,2012,Vermont2012,Female,Colon and Rectum,154,36.42,50,11.18,0.310,317491
Vermont,2012,Vermont2012,Female,Lung and Bronchus,262,59.91,171,40.46,0.680,317491
Vermont,2012,Vermont2012,Female,Pancreas,64,14.87,53,12.88,0.870,317491
Vermont,2012,Vermont2012,Male,Colon and Rectum,159,43.89,56,15.41,0.350,308870
Vermont,2012,Vermont2012,Male,Lung and Bronchus,274,72.45,174,46.74,0.650,308870
Vermont,2012,Vermont2012,Male,Pancreas,62,17.57,47,13.10,0.750,308870
Vermont,2013,Vermont2013,Female,Colon and Rectum,131,30.73,51,11.23,0.370,317406
Vermont,2013,Vermont2013,Female,Lung and Bronchus,229,51.68,151,33.76,0.650,317406
Vermont,2013,Vermont2013,Female,Pancreas,40,9.14,48,10.17,1.110,317406
Vermont,2013,Vermont2013,Male,Colon and Rectum,138,37.25,62,17.95,0.480,309197
Vermont,2013,Vermont2013,Male,Lung and Bronchus,276,72.32,200,53.85,0.740,309197
Vermont,2013,Vermont2013,Male,Pancreas,55,15.04,49,13.94,0.930,309197
Vermont,2014,Vermont2014,Female,Colon and Rectum,154,35.09,56,12.14,0.350,316922
Vermont,2014,Vermont2014,Female,Lung and Bronchus,275,61.64,188,42.24,0.690,316922
Vermont,2014,Vermont2014,Female,Pancreas,37,8.51,39,9.09,1.070,316922
Vermont,2014,Vermont2014,Male,Colon and Rectum,131,35.13,52,13.68,0.390,308771
Vermont,2014,Vermont2014,Male,Lung and Bronchus,258,68.27,209,55.78,0.820,308771
Vermont,2014,Vermont2014,Male,Pancreas,60,15.59,47,12.63,0.810,308771
Vermont,2015,Vermont2015,Female,Colon and Rectum,146,33.41,64,14.20,0.420,316830
Vermont,2015,Vermont2015,Female,Lung and Bronchus,250,55.04,165,36.30,0.660,316830
Vermont,2015,Vermont2015,Female,Pancreas,36,7.73,36,7.51,0.970,316830
Vermont,2015,Vermont2015,Male,Colon and Rectum,138,36.07,62,16.67,0.460,308980
Vermont,2015,Vermont2015,Male,Lung and Bronchus,280,70.50,187,48.58,0.690,308980
Vermont,2015,Vermont2015,Male,Pancreas,56,13.33,50,12.51,0.940,308980
Vermont,2016,Vermont2016,Female,Colon and Rectum,142,32.04,69,14.77,0.460,316042
Vermont,2016,Vermont2016,Female,Lung and Bronchus,283,60.36,185,38.82,0.640,316042
Vermont,2016,Vermont2016,Female,Pancreas,51,10.72,46,10.01,0.930,316042
Vermont,2016,Vermont2016,Male,Colon and Rectum,145,36.34,67,17.65,0.490,308324
Vermont,2016,Vermont2016,Male,Lung and Bronchus,268,66.38,181,45.38,0.680,308324
Vermont,2016,Vermont2016,Male,Pancreas,58,14.68,42,10.61,0.720,308324
Vermont,2017,Vermont2017,Female,Colon and Rectum,145,31.86,67,15.46,0.490,316438
Vermont,2017,Vermont2017,Female,Lung and Bronchus,247,51.71,176,35.70,0.690,316438
Vermont,2017,Vermont2017,Female,Pancreas,65,14.27,52,10.39,0.730,316438
Vermont,2017,Vermont2017,Male,Colon and Rectum,160,40.91,61,15.48,0.380,308694
Vermont,2017,Vermont2017,Male,Lung and Bronchus,275,66.98,180,45.42,0.680,308694
Vermont,2017,Vermont2017,Male,Pancreas,56,13.94,49,11.90,0.850,308694
Vermont,2018,Vermont2018,Female,Colon and Rectum,141,31.66,61,11.73,0.370,316353
Vermont,2018,Vermont2018,Female,Lung and Bronchus,268,55.74,145,30.20,0.540,316353
Vermont,2018,Vermont2018,Female,Pancreas,59,11.82,53,10.48,0.890,316353
Vermont,2018,Vermont2018,Male,Colon and Rectum,152,39.45,53,14.60,0.370,308449
Vermont,2018,Vermont2018,Male,Lung and Bronchus,270,62.49,181,44.28,0.710,308449
Vermont,2018,Vermont2018,Male,Pancreas,50,11.93,54,13.25,1.110,308449
Vermont,2019,Vermont2019,Female,Colon and Rectum,108,23.44,47,9.75,0.420,315738
Vermont,2019,Vermont2019,Female,Lung and Bronchus,260,52.62,145,28.85,0.550,315738
Vermont,2019,Vermont2019,Female,Pancreas,64,13.25,55,10.79,0.810,315738
Vermont,2019,Vermont2019,Male,Colon and Rectum,172,43.62,62,15.23,0.350,308308
Vermont,2019,Vermont2019,Male,Lung and Bronchus,267,59.20,161,36.59,0.620,308308
Vermont,2019,Vermont2019,Male,Pancreas,67,15.96,57,13.71,0.860,308308
Vermont,2020,Vermont2020,Female,Colon and Rectum,101,21.95,58,12.04,0.550,315355
Vermont,2020,Vermont2020,Female,Lung and Bronchus,217,43.94,137,27.83,0.630,315355
Vermont,2020,Vermont2020,Female,Pancreas,51,10.63,50,10.02,0.940,315355
Vermont,2020,Vermont2020,Male,Colon and Rectum,138,34.14,67,16.38,0.480,307992
Vermont,2020,Vermont2020,Male,Lung and Bronchus,231,50.37,166,36.97,0.730,307992
Vermont,2020,Vermont2020,Male,Pancreas,55,11.89,47,10.36,0.870,307992
Virginia,2010,Virginia2010,Female,Colon and Rectum,1594,34.52,582,12.70,0.370,4085723
Virginia,2010,Virginia2010,Female,Lung and Bronchus,2387,52.11,1738,38.04,0.730,4085723
Virginia,2010,Virginia2010,Female,Pancreas,473,10.10,428,9.23,0.910,4085723
Virginia,2010,Virginia2010,Male,Colon and Rectum,1575,42.32,655,18.71,0.440,3938281
Virginia,2010,Virginia2010,Male,Lung and Bronchus,2895,78.81,2236,62.76,0.800,3938281
Virginia,2010,Virginia2010,Male,Pancreas,468,12.79,450,12.32,0.960,3938281
Virginia,2011,Virginia2011,Female,Colon and Rectum,1538,32.77,583,12.28,0.370,4123702
Virginia,2011,Virginia2011,Female,Lung and Bronchus,2428,51.76,1760,37.61,0.730,4123702
Virginia,2011,Virginia2011,Female,Pancreas,518,10.87,460,9.69,0.890,4123702
Virginia,2011,Virginia2011,Male,Colon and Rectum,1614,41.59,593,16.18,0.390,3978735
Virginia,2011,Virginia2011,Male,Lung and Bronchus,2752,72.95,2240,60.59,0.830,3978735
Virginia,2011,Virginia2011,Male,Pancreas,557,14.45,478,12.92,0.890,3978735
Virginia,2012,Virginia2012,Female,Colon and Rectum,1639,34.20,587,11.95,0.350,4165263
Virginia,2012,Virginia2012,Female,Lung and Bronchus,2516,52.06,1772,36.68,0.700,4165263
Virginia,2012,Virginia2012,Female,Pancreas,538,10.94,480,9.70,0.890,4165263
Virginia,2012,Virginia2012,Male,Colon and Rectum,1656,40.87,654,17.38,0.430,4022193
Virginia,2012,Virginia2012,Male,Lung and Bronchus,2973,75.78,2226,58.50,0.770,4022193
Virginia,2012,Virginia2012,Male,Pancreas,551,14.29,472,12.40,0.870,4022193
Virginia,2013,Virginia2013,Female,Colon and Rectum,1534,31.35,564,11.38,0.360,4197755
Virginia,2013,Virginia2013,Female,Lung and Bronchus,2487,50.21,1773,35.57,0.710,4197755
Virginia,2013,Virginia2013,Female,Pancreas,544,11.00,471,9.50,0.860,4197755
Virginia,2013,Virginia2013,Male,Colon and Rectum,1704,41.44,639,16.42,0.400,4058106
Virginia,2013,Virginia2013,Male,Lung and Bronchus,2856,70.75,2121,53.62,0.760,4058106
Virginia,2013,Virginia2013,Male,Pancreas,574,14.19,527,13.35,0.940,4058106
Virginia,2014,Virginia2014,Female,Colon and Rectum,1688,33.98,595,11.58,0.340,4226409
Virginia,2014,Virginia2014,Female,Lung and Bronchus,2532,49.91,1762,34.61,0.690,4226409
Virginia,2014,Virginia2014,Female,Pancreas,529,10.25,462,9.03,0.880,4226409
Virginia,2014,Virginia2014,Male,Colon and Rectum,1726,40.68,668,16.59,0.410,4089021
Virginia,2014,Virginia2014,Male,Lung and Bronchus,2892,69.32,2138,52.35,0.760,4089021
Virginia,2014,Virginia2014,Male,Pancreas,585,13.91,529,13.17,0.950,4089021
Virginia,2015,Virginia2015,Female,Colon and Rectum,1589,30.86,609,11.79,0.380,4250855
Virginia,2015,Virginia2015,Female,Lung and Bronchus,2722,51.86,1723,32.84,0.630,4250855
Virginia,2015,Virginia2015,Female,Pancreas,610,11.52,512,9.69,0.840,4250855
Virginia,2015,Virginia2015,Male,Colon and Rectum,1680,38.72,694,16.68,0.430,4116448
Virginia,2015,Virginia2015,Male,Lung and Bronchus,2788,64.36,2177,52.23,0.810,4116448
Virginia,2015,Virginia2015,Male,Pancreas,573,13.19,516,12.41,0.940,4116448
Virginia,2016,Virginia2016,Female,Colon and Rectum,1620,31.45,584,10.93,0.350,4276468
Virginia,2016,Virginia2016,Female,Lung and Bronchus,2702,49.93,1645,30.67,0.610,4276468
Virginia,2016,Virginia2016,Female,Pancreas,588,10.88,521,9.64,0.890,4276468
Virginia,2016,Virginia2016,Male,Colon and Rectum,1744,39.73,707,16.78,0.420,4141183
Virginia,2016,Virginia2016,Male,Lung and Bronchus,2985,66.38,2114,48.73,0.730,4141183
Virginia,2016,Virginia2016,Male,Pancreas,650,14.60,549,12.55,0.860,4141183
Virginia,2017,Virginia2017,Female,Colon and Rectum,1658,31.56,593,10.89,0.350,4302531
Virginia,2017,Virginia2017,Female,Lung and Bronchus,2587,46.67,1662,29.74,0.640,4302531
Virginia,2017,Virginia2017,Female,Pancreas,593,10.79,505,9.10,0.840,4302531
Virginia,2017,Virginia2017,Male,Colon and Rectum,1772,39.56,718,16.47,0.420,4168480
Virginia,2017,Virginia2017,Male,Lung and Bronchus,2850,62.34,2048,45.97,0.740,4168480
Virginia,2017,Virginia2017,Male,Pancreas,625,13.88,634,14.20,1.020,4168480
Virginia,2018,Virginia2018,Female,Colon and Rectum,1636,30.34,630,11.33,0.370,4323072
Virginia,2018,Virginia2018,Female,Lung and Bronchus,2671,46.91,1664,29.24,0.620,4323072
Virginia,2018,Virginia2018,Female,Pancreas,646,11.48,559,9.78,0.850,4323072
Virginia,2018,Virginia2018,Male,Colon and Rectum,1836,39.65,698,15.61,0.390,4187848
Virginia,2018,Virginia2018,Male,Lung and Bronchus,2746,58.46,1993,43.56,0.750,4187848
Virginia,2018,Virginia2018,Male,Pancreas,662,13.94,586,12.89,0.920,4187848
Virginia,2019,Virginia2019,Female,Colon and Rectum,1625,29.99,634,11.00,0.370,4345858
Virginia,2019,Virginia2019,Female,Lung and Bronchus,2714,46.41,1596,27.40,0.590,4345858
Virginia,2019,Virginia2019,Female,Pancreas,672,11.63,547,9.32,0.800,4345858
Virginia,2019,Virginia2019,Male,Colon and Rectum,1804,38.47,682,14.96,0.390,4210784
Virginia,2019,Virginia2019,Male,Lung and Bronchus,2871,59.12,1977,42.22,0.710,4210784
Virginia,2019,Virginia2019,Male,Pancreas,741,15.39,585,12.41,0.810,4210784
Virginia,2020,Virginia2020,Female,Colon and Rectum,1473,27.11,615,10.65,0.390,4363032
Virginia,2020,Virginia2020,Female,Lung and Bronchus,2530,42.23,1583,26.60,0.630,4363032
Virginia,2020,Virginia2020,Female,Pancreas,666,11.29,596,10.11,0.900,4363032
Virginia,2020,Virginia2020,Male,Colon and Rectum,1579,33.27,729,15.81,0.480,4227531
Virginia,2020,Virginia2020,Male,Lung and Bronchus,2620,52.44,1947,39.93,0.760,4227531
Virginia,2020,Virginia2020,Male,Pancreas,677,13.80,622,12.90,0.930,4227531
Washington,2010,Washington2010,Female,Colon and Rectum,1291,34.31,457,11.59,0.340,3384508
Washington,2010,Washington2010,Female,Lung and Bronchus,2154,57.17,1490,39.56,0.690,3384508
Washington,2010,Washington2010,Female,Pancreas,436,11.43,388,10.35,0.910,3384508
Washington,2010,Washington2010,Male,Colon and Rectum,1416,43.04,505,16.44,0.380,3358501
Washington,2010,Washington2010,Male,Lung and Bronchus,2278,72.58,1746,56.19,0.770,3358501
Washington,2010,Washington2010,Male,Pancreas,424,12.95,429,13.19,1.020,3358501
Washington,2011,Washington2011,Female,Colon and Rectum,1315,33.70,528,13.07,0.390,3424466
Washington,2011,Washington2011,Female,Lung and Bronchus,2135,55.08,1444,37.14,0.670,3424466
Washington,2011,Washington2011,Female,Pancreas,442,11.40,377,9.61,0.840,3424466
Washington,2011,Washington2011,Male,Colon and Rectum,1415,43.16,499,15.59,0.360,3403013
Washington,2011,Washington2011,Male,Lung and Bronchus,2185,67.80,1686,52.99,0.780,3403013
Washington,2011,Washington2011,Male,Pancreas,478,14.47,399,12.32,0.850,3403013
Washington,2012,Washington2012,Female,Colon and Rectum,1299,32.89,450,10.87,0.330,3459044
Washington,2012,Washington2012,Female,Lung and Bronchus,2229,56.27,1519,38.31,0.680,3459044
Washington,2012,Washington2012,Female,Pancreas,482,11.75,406,10.09,0.860,3459044
Washington,2012,Washington2012,Male,Colon and Rectum,1399,40.26,519,15.64,0.390,3439555
Washington,2012,Washington2012,Male,Lung and Bronchus,2206,66.21,1593,48.58,0.730,3439555
Washington,2012,Washington2012,Male,Pancreas,492,14.49,414,12.56,0.870,3439555
Washington,2013,Washington2013,Female,Colon and Rectum,1339,32.98,463,11.06,0.340,3490939
Washington,2013,Washington2013,Female,Lung and Bronchus,2129,52.45,1389,34.02,0.650,3490939
Washington,2013,Washington2013,Female,Pancreas,466,11.28,370,8.82,0.780,3490939
Washington,2013,Washington2013,Male,Colon and Rectum,1426,39.52,507,14.57,0.370,3475313
Washington,2013,Washington2013,Male,Lung and Bronchus,2163,61.65,1631,47.77,0.770,3475313
Washington,2013,Washington2013,Male,Pancreas,499,14.20,412,11.78,0.830,3475313
Washington,2014,Washington2014,Female,Colon and Rectum,1347,32.39,421,9.73,0.300,3533298
Washington,2014,Washington2014,Female,Lung and Bronchus,2204,51.98,1437,33.84,0.650,3533298
Washington,2014,Washington2014,Female,Pancreas,473,11.08,434,10.23,0.920,3533298
Washington,2014,Washington2014,Male,Colon and Rectum,1541,41.44,495,14.03,0.340,3524233
Washington,2014,Washington2014,Male,Lung and Bronchus,2311,64.65,1599,45.59,0.710,3524233
Washington,2014,Washington2014,Male,Pancreas,517,14.00,432,12.20,0.870,3524233
Washington,2015,Washington2015,Female,Colon and Rectum,1294,30.69,476,10.70,0.350,3586587
Washington,2015,Washington2015,Female,Lung and Bronchus,2172,50.21,1507,34.51,0.690,3586587
Washington,2015,Washington2015,Female,Pancreas,496,11.16,399,8.95,0.800,3586587
Washington,2015,Washington2015,Male,Colon and Rectum,1474,38.92,528,14.80,0.380,3580700
Washington,2015,Washington2015,Male,Lung and Bronchus,2264,60.20,1609,44.12,0.730,3580700
Washington,2015,Washington2015,Male,Pancreas,534,14.04,484,12.97,0.920,3580700
Washington,2016,Washington2016,Female,Colon and Rectum,1443,33.39,497,10.93,0.330,3650092
Washington,2016,Washington2016,Female,Lung and Bronchus,2308,51.56,1389,31.26,0.610,3650092
Washington,2016,Washington2016,Female,Pancreas,541,11.93,413,8.93,0.750,3650092
Washington,2016,Washington2016,Male,Colon and Rectum,1562,40.23,534,14.16,0.350,3649869
Washington,2016,Washington2016,Male,Lung and Bronchus,2271,58.78,1522,40.43,0.690,3649869
Washington,2016,Washington2016,Male,Pancreas,581,14.82,451,11.88,0.800,3649869
Washington,2017,Washington2017,Female,Colon and Rectum,1444,32.55,475,10.37,0.320,3712553
Washington,2017,Washington2017,Female,Lung and Bronchus,2335,49.68,1441,30.67,0.620,3712553
Washington,2017,Washington2017,Female,Pancreas,546,11.80,454,9.72,0.820,3712553
Washington,2017,Washington2017,Male,Colon and Rectum,1535,38.42,571,14.85,0.390,3715398
Washington,2017,Washington2017,Male,Lung and Bronchus,2201,55.14,1487,38.15,0.690,3715398
Washington,2017,Washington2017,Male,Pancreas,596,14.77,491,12.43,0.840,3715398
Washington,2018,Washington2018,Female,Colon and Rectum,1402,31.11,455,9.46,0.300,3760779
Washington,2018,Washington2018,Female,Lung and Bronchus,2363,48.94,1363,28.29,0.580,3760779
Washington,2018,Washington2018,Female,Pancreas,580,12.07,481,9.97,0.830,3760779
Washington,2018,Washington2018,Male,Colon and Rectum,1556,38.48,541,13.50,0.350,3766014
Washington,2018,Washington2018,Male,Lung and Bronchus,2201,52.83,1407,34.92,0.660,3766014
Washington,2018,Washington2018,Male,Pancreas,677,16.25,498,12.05,0.740,3766014
Washington,2019,Washington2019,Female,Colon and Rectum,1336,29.23,487,10.14,0.350,3802546
Washington,2019,Washington2019,Female,Lung and Bronchus,2391,47.84,1409,28.37,0.590,3802546
Washington,2019,Washington2019,Female,Pancreas,579,11.68,458,9.16,0.780,3802546
Washington,2019,Washington2019,Male,Colon and Rectum,1653,39.79,584,14.28,0.360,3811478
Washington,2019,Washington2019,Male,Lung and Bronchus,2227,51.57,1432,34.38,0.670,3811478
Washington,2019,Washington2019,Male,Pancreas,629,15.11,522,12.47,0.820,3811478
Washington,2020,Washington2020,Female,Colon and Rectum,1264,27.46,443,9.01,0.330,3840014
Washington,2020,Washington2020,Female,Lung and Bronchus,2033,39.49,1293,25.28,0.640,3840014
Washington,2020,Washington2020,Female,Pancreas,580,11.59,529,10.54,0.910,3840014
Washington,2020,Washington2020,Male,Colon and Rectum,1386,33.17,558,13.56,0.410,3853598
Washington,2020,Washington2020,Male,Lung and Bronchus,1947,43.94,1367,31.65,0.720,3853598
Washington,2020,Washington2020,Male,Pancreas,613,13.98,520,12.12,0.870,3853598
West Virginia,2010,West Virginia2010,Female,Colon and Rectum,502,39.47,185,13.95,0.350,939948
West Virginia,2010,West Virginia2010,Female,Lung and Bronchus,859,65.66,661,49.76,0.760,939948
West Virginia,2010,West Virginia2010,Female,Pancreas,125,9.54,111,8.21,0.860,939948
West Virginia,2010,West Virginia2010,Male,Colon and Rectum,572,53.15,225,21.95,0.410,914317
West Virginia,2010,West Virginia2010,Male,Lung and Bronchus,1094,99.61,894,83.66,0.840,914317
West Virginia,2010,West Virginia2010,Male,Pancreas,125,11.64,112,10.82,0.930,914317
West Virginia,2011,West Virginia2011,Female,Colon and Rectum,526,40.37,183,13.66,0.340,940485
West Virginia,2011,West Virginia2011,Female,Lung and Bronchus,858,65.92,625,47.51,0.720,940485
West Virginia,2011,West Virginia2011,Female,Pancreas,144,10.55,104,7.62,0.720,940485
West Virginia,2011,West Virginia2011,Male,Colon and Rectum,628,58.07,254,24.21,0.420,916121
West Virginia,2011,West Virginia2011,Male,Lung and Bronchus,1187,106.60,877,80.86,0.760,916121
West Virginia,2011,West Virginia2011,Male,Pancreas,148,13.37,143,13.32,1.000,916121
West Virginia,2012,West Virginia2012,Female,Colon and Rectum,528,40.30,196,14.40,0.360,940205
West Virginia,2012,West Virginia2012,Female,Lung and Bronchus,891,66.09,634,47.09,0.710,940205
West Virginia,2012,West Virginia2012,Female,Pancreas,136,10.15,139,10.07,0.990,940205
West Virginia,2012,West Virginia2012,Male,Colon and Rectum,578,51.46,220,20.64,0.400,917241
West Virginia,2012,West Virginia2012,Male,Lung and Bronchus,1122,98.01,849,76.14,0.780,917241
West Virginia,2012,West Virginia2012,Male,Pancreas,167,14.81,152,13.51,0.910,917241
West Virginia,2013,West Virginia2013,Female,Colon and Rectum,585,43.92,233,17.14,0.390,938312
West Virginia,2013,West Virginia2013,Female,Lung and Bronchus,941,69.48,612,45.42,0.650,938312
West Virginia,2013,West Virginia2013,Female,Pancreas,141,10.15,118,8.48,0.830,938312
West Virginia,2013,West Virginia2013,Male,Colon and Rectum,592,52.85,251,22.79,0.430,916456
West Virginia,2013,West Virginia2013,Male,Lung and Bronchus,1157,98.83,825,71.80,0.730,916456
West Virginia,2013,West Virginia2013,Male,Pancreas,152,12.98,135,11.83,0.910,916456
West Virginia,2014,West Virginia2014,Female,Colon and Rectum,560,42.86,215,15.64,0.360,936287
West Virginia,2014,West Virginia2014,Female,Lung and Bronchus,931,68.30,630,46.02,0.670,936287
West Virginia,2014,West Virginia2014,Female,Pancreas,155,11.77,127,9.04,0.770,936287
West Virginia,2014,West Virginia2014,Male,Colon and Rectum,596,52.91,239,21.03,0.400,914282
West Virginia,2014,West Virginia2014,Male,Lung and Bronchus,1136,95.52,866,73.44,0.770,914282
West Virginia,2014,West Virginia2014,Male,Pancreas,160,13.64,135,11.84,0.870,914282
West Virginia,2015,West Virginia2015,Female,Colon and Rectum,558,42.62,241,16.69,0.390,931825
West Virginia,2015,West Virginia2015,Female,Lung and Bronchus,924,66.32,598,42.35,0.640,931825
West Virginia,2015,West Virginia2015,Female,Pancreas,147,10.70,142,10.39,0.970,931825
West Virginia,2015,West Virginia2015,Male,Colon and Rectum,614,53.83,222,19.88,0.370,911507
West Virginia,2015,West Virginia2015,Male,Lung and Bronchus,1196,99.23,894,76.14,0.770,911507
West Virginia,2015,West Virginia2015,Male,Pancreas,138,11.35,142,11.67,1.030,911507
West Virginia,2016,West Virginia2016,Female,Colon and Rectum,519,38.24,224,15.63,0.410,926025
West Virginia,2016,West Virginia2016,Female,Lung and Bronchus,953,68.67,620,44.30,0.650,926025
West Virginia,2016,West Virginia2016,Female,Pancreas,159,11.76,127,9.00,0.770,926025
West Virginia,2016,West Virginia2016,Male,Colon and Rectum,593,51.63,224,20.04,0.390,906410
West Virginia,2016,West Virginia2016,Male,Lung and Bronchus,1080,87.31,772,64.82,0.740,906410
West Virginia,2016,West Virginia2016,Male,Pancreas,149,12.85,135,11.35,0.880,906410
West Virginia,2017,West Virginia2017,Female,Colon and Rectum,503,38.96,180,13.26,0.340,918498
West Virginia,2017,West Virginia2017,Female,Lung and Bronchus,1060,75.46,585,40.13,0.530,918498
West Virginia,2017,West Virginia2017,Female,Pancreas,164,11.64,142,9.93,0.850,918498
West Virginia,2017,West Virginia2017,Male,Colon and Rectum,651,54.77,214,18.07,0.330,900185
West Virginia,2017,West Virginia2017,Male,Lung and Bronchus,1175,94.21,753,60.91,0.650,900185
West Virginia,2017,West Virginia2017,Male,Pancreas,181,14.99,135,11.40,0.760,900185
West Virginia,2018,West Virginia2018,Female,Colon and Rectum,540,41.01,207,14.65,0.360,912019
West Virginia,2018,West Virginia2018,Female,Lung and Bronchus,1016,70.81,607,42.42,0.600,912019
West Virginia,2018,West Virginia2018,Female,Pancreas,180,12.82,136,9.47,0.740,912019
West Virginia,2018,West Virginia2018,Male,Colon and Rectum,580,50.45,244,21.20,0.420,893934
West Virginia,2018,West Virginia2018,Male,Lung and Bronchus,1067,84.35,754,60.68,0.720,893934
West Virginia,2018,West Virginia2018,Male,Pancreas,176,14.29,161,13.19,0.920,893934
West Virginia,2019,West Virginia2019,Female,Colon and Rectum,524,38.38,173,12.01,0.310,906103
West Virginia,2019,West Virginia2019,Female,Lung and Bronchus,959,66.82,570,39.33,0.590,906103
West Virginia,2019,West Virginia2019,Female,Pancreas,160,11.41,151,10.35,0.910,906103
West Virginia,2019,West Virginia2019,Male,Colon and Rectum,580,48.94,250,20.67,0.420,889160
West Virginia,2019,West Virginia2019,Male,Lung and Bronchus,1081,84.20,744,59.03,0.700,889160
West Virginia,2019,West Virginia2019,Male,Pancreas,173,14.18,165,13.56,0.960,889160
West Virginia,2020,West Virginia2020,Female,Colon and Rectum,478,36.71,183,12.93,0.350,900511
West Virginia,2020,West Virginia2020,Female,Lung and Bronchus,906,61.95,578,39.05,0.630,900511
West Virginia,2020,West Virginia2020,Female,Pancreas,166,11.55,131,9.16,0.790,900511
West Virginia,2020,West Virginia2020,Male,Colon and Rectum,545,45.37,251,20.30,0.450,884276
West Virginia,2020,West Virginia2020,Male,Lung and Bronchus,969,73.80,761,58.32,0.790,884276
West Virginia,2020,West Virginia2020,Male,Pancreas,201,16.38,162,13.55,0.830,884276
Wisconsin,2010,Wisconsin2010,Female,Colon and Rectum,1279,35.59,454,12.12,0.340,2866332
Wisconsin,2010,Wisconsin2010,Female,Lung and Bronchus,1900,54.95,1359,38.37,0.700,2866332
Wisconsin,2010,Wisconsin2010,Female,Pancreas,386,10.78,368,9.98,0.930,2866332
Wisconsin,2010,Wisconsin2010,Male,Colon and Rectum,1311,45.37,485,17.45,0.380,2824206
Wisconsin,2010,Wisconsin2010,Male,Lung and Bronchus,2182,75.48,1612,56.64,0.750,2824206
Wisconsin,2010,Wisconsin2010,Male,Pancreas,444,15.24,370,13.01,0.850,2824206
Wisconsin,2011,Wisconsin2011,Female,Colon and Rectum,1276,35.41,456,11.92,0.340,2873601
Wisconsin,2011,Wisconsin2011,Female,Lung and Bronchus,2011,57.01,1473,40.80,0.720,2873601
Wisconsin,2011,Wisconsin2011,Female,Pancreas,446,12.17,351,9.34,0.770,2873601
Wisconsin,2011,Wisconsin2011,Male,Colon and Rectum,1364,45.99,536,18.67,0.410,2832239
Wisconsin,2011,Wisconsin2011,Male,Lung and Bronchus,2118,71.02,1645,56.17,0.790,2832239
Wisconsin,2011,Wisconsin2011,Male,Pancreas,462,15.44,416,13.96,0.900,2832239
Wisconsin,2012,Wisconsin2012,Female,Colon and Rectum,1208,32.96,482,12.42,0.380,2880310
Wisconsin,2012,Wisconsin2012,Female,Lung and Bronchus,1996,55.33,1328,36.52,0.660,2880310
Wisconsin,2012,Wisconsin2012,Female,Pancreas,455,12.14,404,10.62,0.880,2880310
Wisconsin,2012,Wisconsin2012,Male,Colon and Rectum,1351,44.60,449,15.33,0.340,2840515
Wisconsin,2012,Wisconsin2012,Male,Lung and Bronchus,2095,68.92,1602,53.32,0.770,2840515
Wisconsin,2012,Wisconsin2012,Male,Pancreas,451,14.51,377,12.52,0.860,2840515
Wisconsin,2013,Wisconsin2013,Female,Colon and Rectum,1233,33.55,489,12.32,0.370,2888446
Wisconsin,2013,Wisconsin2013,Female,Lung and Bronchus,2011,54.79,1358,36.39,0.660,2888446
Wisconsin,2013,Wisconsin2013,Female,Pancreas,412,10.84,397,10.14,0.940,2888446
Wisconsin,2013,Wisconsin2013,Male,Colon and Rectum,1320,42.29,486,16.07,0.380,2849566
Wisconsin,2013,Wisconsin2013,Male,Lung and Bronchus,2173,69.44,1574,51.31,0.740,2849566
Wisconsin,2013,Wisconsin2013,Male,Pancreas,459,14.55,419,13.32,0.920,2849566
Wisconsin,2014,Wisconsin2014,Female,Colon and Rectum,1209,32.90,480,11.97,0.360,2895122
Wisconsin,2014,Wisconsin2014,Female,Lung and Bronchus,2047,54.66,1354,36.02,0.660,2895122
Wisconsin,2014,Wisconsin2014,Female,Pancreas,478,12.27,396,10.14,0.830,2895122
Wisconsin,2014,Wisconsin2014,Male,Colon and Rectum,1384,43.66,465,15.19,0.350,2858077
Wisconsin,2014,Wisconsin2014,Male,Lung and Bronchus,2149,67.05,1605,51.06,0.760,2858077
Wisconsin,2014,Wisconsin2014,Male,Pancreas,530,16.32,428,13.36,0.820,2858077
Wisconsin,2015,Wisconsin2015,Female,Colon and Rectum,1240,33.59,414,10.23,0.300,2898414
Wisconsin,2015,Wisconsin2015,Female,Lung and Bronchus,2007,52.56,1299,33.58,0.640,2898414
Wisconsin,2015,Wisconsin2015,Female,Pancreas,455,11.72,410,10.28,0.880,2898414
Wisconsin,2015,Wisconsin2015,Male,Colon and Rectum,1316,40.85,496,15.67,0.380,2864513
Wisconsin,2015,Wisconsin2015,Male,Lung and Bronchus,2277,69.66,1570,48.80,0.700,2864513
Wisconsin,2015,Wisconsin2015,Male,Pancreas,554,16.77,436,13.52,0.810,2864513
Wisconsin,2016,Wisconsin2016,Female,Colon and Rectum,1239,32.85,436,10.93,0.330,2903515
Wisconsin,2016,Wisconsin2016,Female,Lung and Bronchus,2147,55.09,1288,32.36,0.590,2903515
Wisconsin,2016,Wisconsin2016,Female,Pancreas,443,11.19,403,9.86,0.880,2903515
Wisconsin,2016,Wisconsin2016,Male,Colon and Rectum,1429,43.33,498,15.69,0.360,2871655
Wisconsin,2016,Wisconsin2016,Male,Lung and Bronchus,2271,67.08,1500,45.54,0.680,2871655
Wisconsin,2016,Wisconsin2016,Male,Pancreas,516,15.62,479,14.36,0.920,2871655
Wisconsin,2017,Wisconsin2017,Female,Colon and Rectum,1238,32.47,431,10.78,0.330,2911984
Wisconsin,2017,Wisconsin2017,Female,Lung and Bronchus,2182,54.19,1307,32.69,0.600,2911984
Wisconsin,2017,Wisconsin2017,Female,Pancreas,466,11.35,402,9.68,0.850,2911984
Wisconsin,2017,Wisconsin2017,Male,Colon and Rectum,1307,39.49,458,14.22,0.360,2881163
Wisconsin,2017,Wisconsin2017,Male,Lung and Bronchus,2233,64.47,1495,44.07,0.680,2881163
Wisconsin,2017,Wisconsin2017,Male,Pancreas,564,16.60,456,13.60,0.820,2881163
Wisconsin,2018,Wisconsin2018,Female,Colon and Rectum,1212,31.71,436,10.60,0.330,2918734
Wisconsin,2018,Wisconsin2018,Female,Lung and Bronchus,2209,53.65,1290,30.93,0.580,2918734
Wisconsin,2018,Wisconsin2018,Female,Pancreas,482,11.88,404,9.64,0.810,2918734
Wisconsin,2018,Wisconsin2018,Male,Colon and Rectum,1334,39.88,497,14.90,0.370,2890585
Wisconsin,2018,Wisconsin2018,Male,Lung and Bronchus,2296,63.74,1391,39.77,0.620,2890585
Wisconsin,2018,Wisconsin2018,Male,Pancreas,551,15.80,436,12.48,0.790,2890585
Wisconsin,2019,Wisconsin2019,Female,Colon and Rectum,1214,31.60,434,10.32,0.330,2925732
Wisconsin,2019,Wisconsin2019,Female,Lung and Bronchus,2264,53.54,1298,30.86,0.580,2925732
Wisconsin,2019,Wisconsin2019,Female,Pancreas,536,12.73,427,9.97,0.780,2925732
Wisconsin,2019,Wisconsin2019,Male,Colon and Rectum,1415,41.27,462,13.71,0.330,2898849
Wisconsin,2019,Wisconsin2019,Male,Lung and Bronchus,2335,63.73,1414,39.63,0.620,2898849
Wisconsin,2019,Wisconsin2019,Male,Pancreas,609,16.92,475,13.30,0.790,2898849
Wisconsin,2020,Wisconsin2020,Female,Colon and Rectum,1101,28.30,399,9.41,0.330,2928939
Wisconsin,2020,Wisconsin2020,Female,Lung and Bronchus,1970,46.17,1277,29.47,0.640,2928939
Wisconsin,2020,Wisconsin2020,Female,Pancreas,518,12.41,455,10.60,0.850,2928939
Wisconsin,2020,Wisconsin2020,Male,Colon and Rectum,1144,32.95,452,12.82,0.390,2903716
Wisconsin,2020,Wisconsin2020,Male,Lung and Bronchus,2146,57.21,1358,36.90,0.640,2903716
Wisconsin,2020,Wisconsin2020,Male,Pancreas,663,17.59,540,14.80,0.840,2903716
Wyoming,2010,Wyoming2010,Female,Colon and Rectum,125,40.04,50,15.85,0.400,276725
Wyoming,2010,Wyoming2010,Female,Lung and Bronchus,145,47.12,108,33.86,0.720,276725
Wyoming,2010,Wyoming2010,Female,Pancreas,25,7.64,24,7.31,0.960,276725
Wyoming,2010,Wyoming2010,Male,Colon and Rectum,137,47.40,50,16.08,0.340,287806
Wyoming,2010,Wyoming2010,Male,Lung and Bronchus,159,55.66,126,45.57,0.820,287806
Wyoming,2010,Wyoming2010,Male,Pancreas,17,5.31,41,14.13,2.660,287806
Wyoming,2011,Wyoming2011,Female,Colon and Rectum,98,30.80,30,9.13,0.300,278134
Wyoming,2011,Wyoming2011,Female,Lung and Bronchus,137,44.06,92,29.22,0.660,278134
Wyoming,2011,Wyoming2011,Female,Pancreas,31,9.61,24,7.32,0.760,278134
Wyoming,2011,Wyoming2011,Male,Colon and Rectum,125,42.28,57,20.05,0.470,289357
Wyoming,2011,Wyoming2011,Male,Lung and Bronchus,148,51.89,134,49.19,0.950,289357
Wyoming,2011,Wyoming2011,Male,Pancreas,31,10.17,25,8.57,0.840,289357
Wyoming,2012,Wyoming2012,Female,Colon and Rectum,85,26.65,40,12.49,0.470,282190
Wyoming,2012,Wyoming2012,Female,Lung and Bronchus,159,48.11,113,35.86,0.750,282190
Wyoming,2012,Wyoming2012,Female,Pancreas,29,8.74,32,9.92,1.140,282190
Wyoming,2012,Wyoming2012,Male,Colon and Rectum,144,48.13,55,19.45,0.400,294466
Wyoming,2012,Wyoming2012,Male,Lung and Bronchus,150,49.80,117,39.65,0.800,294466
Wyoming,2012,Wyoming2012,Male,Pancreas,26,8.57,23,7.67,0.890,294466
Wyoming,2013,Wyoming2013,Female,Colon and Rectum,89,27.04,33,9.65,0.360,285118
Wyoming,2013,Wyoming2013,Female,Lung and Bronchus,126,36.08,100,29.51,0.820,285118
Wyoming,2013,Wyoming2013,Female,Pancreas,28,7.98,33,9.61,1.200,285118
Wyoming,2013,Wyoming2013,Male,Colon and Rectum,124,38.84,46,14.85,0.380,297502
Wyoming,2013,Wyoming2013,Male,Lung and Bronchus,135,43.80,130,45.41,1.040,297502
Wyoming,2013,Wyoming2013,Male,Pancreas,38,11.31,35,11.34,1.000,297502
Wyoming,2014,Wyoming2014,Female,Colon and Rectum,94,29.02,22,6.59,0.230,285404
Wyoming,2014,Wyoming2014,Female,Lung and Bronchus,159,45.71,115,34.04,0.740,285404
Wyoming,2014,Wyoming2014,Female,Pancreas,33,8.72,30,8.01,0.920,285404
Wyoming,2014,Wyoming2014,Male,Colon and Rectum,104,32.27,48,15.54,0.480,297755
Wyoming,2014,Wyoming2014,Male,Lung and Bronchus,146,46.43,100,30.42,0.660,297755
Wyoming,2014,Wyoming2014,Male,Pancreas,34,10.85,38,12.27,1.130,297755
Wyoming,2015,Wyoming2015,Female,Colon and Rectum,90,26.99,45,12.93,0.480,286706
Wyoming,2015,Wyoming2015,Female,Lung and Bronchus,144,41.81,106,30.15,0.720,286706
Wyoming,2015,Wyoming2015,Female,Pancreas,37,10.17,29,8.47,0.830,286706
Wyoming,2015,Wyoming2015,Male,Colon and Rectum,110,33.82,46,14.71,0.440,299683
Wyoming,2015,Wyoming2015,Male,Lung and Bronchus,140,42.78,107,35.07,0.820,299683
Wyoming,2015,Wyoming2015,Male,Pancreas,44,13.71,38,11.22,0.820,299683
Wyoming,2016,Wyoming2016,Female,Colon and Rectum,111,33.77,35,9.99,0.300,286291
Wyoming,2016,Wyoming2016,Female,Lung and Bronchus,150,41.15,89,25.94,0.630,286291
Wyoming,2016,Wyoming2016,Female,Pancreas,35,9.63,35,9.83,1.020,286291
Wyoming,2016,Wyoming2016,Male,Colon and Rectum,117,35.58,44,13.14,0.370,298952
Wyoming,2016,Wyoming2016,Male,Lung and Bronchus,167,49.18,115,35.95,0.730,298952
Wyoming,2016,Wyoming2016,Male,Pancreas,40,11.64,34,9.90,0.850,298952
Wyoming,2017,Wyoming2017,Female,Colon and Rectum,103,29.22,33,9.10,0.310,284115
Wyoming,2017,Wyoming2017,Female,Lung and Bronchus,129,35.89,99,26.30,0.730,284115
Wyoming,2017,Wyoming2017,Female,Pancreas,27,7.34,27,7.34,1.000,284115
Wyoming,2017,Wyoming2017,Male,Colon and Rectum,130,39.07,39,11.62,0.300,295879
Wyoming,2017,Wyoming2017,Male,Lung and Bronchus,157,45.14,117,35.38,0.780,295879
Wyoming,2017,Wyoming2017,Male,Pancreas,57,16.23,47,13.48,0.830,295879
Wyoming,2018,Wyoming2018,Female,Colon and Rectum,108,32.06,42,11.65,0.360,283930
Wyoming,2018,Wyoming2018,Female,Lung and Bronchus,149,39.15,119,30.55,0.780,283930
Wyoming,2018,Wyoming2018,Female,Pancreas,35,9.69,30,7.73,0.800,283930
Wyoming,2018,Wyoming2018,Male,Colon and Rectum,129,37.55,48,14.31,0.380,295124
Wyoming,2018,Wyoming2018,Male,Lung and Bronchus,134,37.72,100,28.33,0.750,295124
Wyoming,2018,Wyoming2018,Male,Pancreas,40,11.24,47,13.95,1.240,295124
Wyoming,2019,Wyoming2019,Female,Colon and Rectum,112,29.92,44,11.58,0.390,284406
Wyoming,2019,Wyoming2019,Female,Lung and Bronchus,178,46.13,102,26.04,0.560,284406
Wyoming,2019,Wyoming2019,Female,Pancreas,27,7.25,32,8.41,1.160,284406
Wyoming,2019,Wyoming2019,Male,Colon and Rectum,151,44.14,45,13.20,0.300,295710
Wyoming,2019,Wyoming2019,Male,Lung and Bronchus,158,42.15,123,33.62,0.800,295710
Wyoming,2019,Wyoming2019,Male,Pancreas,49,13.38,50,14.84,1.110,295710
Wyoming,2020,Wyoming2020,Female,Colon and Rectum,96,28.21,50,12.60,0.450,285437
Wyoming,2020,Wyoming2020,Female,Lung and Bronchus,144,35.22,92,22.46,0.640,285437
Wyoming,2020,Wyoming2020,Female,Pancreas,45,11.11,38,9.83,0.880,285437
Wyoming,2020,Wyoming2020,Male,Colon and Rectum,139,39.61,55,15.46,0.390,296891
Wyoming,2020,Wyoming2020,Male,Lung and Bronchus,144,36.97,106,29.49,0.800,296891
Wyoming,2020,Wyoming2020,Male,Pancreas,60,16.42,43,11.13,0.680,296891
